https://arxiv.org/html/2411.18897v1

https://sagecell.sagemath.org/
2025-07-19: for *VF=44, *CZ=73

from sage.combinat.matrices.hadamard_matrix import hadamard_matrix, skew_hadamard_matrix
for i in range(1,12):
  H = hadamard_matrix(4*i)
  print (i, H.str())  

SageMathCellType some Sage code below and press Evaluate.

1
from sage.combinat.matrices.hadamard_matrix import hadamard_matrix, skew_hadamard_matrix
2
for i in range(1,12):
3
  H = hadamard_matrix(4*i)
4
  print (4*i, '=================')
5
  print (H.str())  
6
​
Language: 
Sage
Share
4 =================
[ 1  1  1  1]
[ 1 -1  1 -1]
[ 1  1 -1 -1]
[ 1 -1 -1  1]
8 =================
[ 1  1  1  1  1  1  1  1]
[ 1 -1  1 -1  1 -1  1 -1]
[ 1  1 -1 -1  1  1 -1 -1]
[ 1 -1 -1  1  1 -1 -1  1]
[ 1  1  1  1 -1 -1 -1 -1]
[ 1 -1  1 -1 -1  1 -1  1]
[ 1  1 -1 -1 -1 -1  1  1]
[ 1 -1 -1  1 -1  1  1 -1]
12 =================
[ 1  1| 1  1| 1  1| 1  1| 1  1| 1  1]
[ 1 -1|-1  1|-1  1|-1  1|-1  1|-1  1]
[-----+-----+-----+-----+-----+-----]
[ 1 -1| 1 -1| 1  1|-1 -1|-1 -1| 1  1]
[ 1  1|-1 -1| 1 -1|-1  1|-1  1| 1 -1]
[-----+-----+-----+-----+-----+-----]
[ 1 -1| 1  1| 1 -1| 1  1|-1 -1|-1 -1]
[ 1  1| 1 -1|-1 -1| 1 -1|-1  1|-1  1]
[-----+-----+-----+-----+-----+-----]
[ 1 -1|-1 -1| 1  1| 1 -1| 1  1|-1 -1]
[ 1  1|-1  1| 1 -1|-1 -1| 1 -1|-1  1]
[-----+-----+-----+-----+-----+-----]
[ 1 -1|-1 -1|-1 -1| 1  1| 1 -1| 1  1]
[ 1  1|-1  1|-1  1| 1 -1|-1 -1| 1 -1]
[-----+-----+-----+-----+-----+-----]
[ 1 -1| 1  1|-1 -1|-1 -1| 1  1| 1 -1]
[ 1  1| 1 -1|-1  1|-1  1| 1 -1|-1 -1]
16 =================
[ 1  1  1  1  1  1  1  1  1  1  1  1  1  1  1  1]
[ 1 -1  1 -1  1 -1  1 -1  1 -1  1 -1  1 -1  1 -1]
[ 1  1 -1 -1  1  1 -1 -1  1  1 -1 -1  1  1 -1 -1]
[ 1 -1 -1  1  1 -1 -1  1  1 -1 -1  1  1 -1 -1  1]
[ 1  1  1  1 -1 -1 -1 -1  1  1  1  1 -1 -1 -1 -1]
[ 1 -1  1 -1 -1  1 -1  1  1 -1  1 -1 -1  1 -1  1]
[ 1  1 -1 -1 -1 -1  1  1  1  1 -1 -1 -1 -1  1  1]
[ 1 -1 -1  1 -1  1  1 -1  1 -1 -1  1 -1  1  1 -1]
[ 1  1  1  1  1  1  1  1 -1 -1 -1 -1 -1 -1 -1 -1]
[ 1 -1  1 -1  1 -1  1 -1 -1  1 -1  1 -1  1 -1  1]
[ 1  1 -1 -1  1  1 -1 -1 -1 -1  1  1 -1 -1  1  1]
[ 1 -1 -1  1  1 -1 -1  1 -1  1  1 -1 -1  1  1 -1]
[ 1  1  1  1 -1 -1 -1 -1 -1 -1 -1 -1  1  1  1  1]
[ 1 -1  1 -1 -1  1 -1  1 -1  1 -1  1  1 -1  1 -1]
[ 1  1 -1 -1 -1 -1  1  1 -1 -1  1  1  1  1 -1 -1]
[ 1 -1 -1  1 -1  1  1 -1 -1  1  1 -1  1 -1 -1  1]
20 =================
[ 1  1| 1  1| 1  1| 1  1| 1  1| 1  1| 1  1| 1  1| 1  1| 1  1]
[ 1 -1|-1  1|-1  1|-1  1|-1  1|-1  1|-1  1|-1  1|-1  1|-1  1]
[-----+-----+-----+-----+-----+-----+-----+-----+-----+-----]
[ 1 -1| 1 -1|-1 -1| 1  1|-1 -1| 1  1|-1 -1| 1  1|-1 -1| 1  1]
[ 1  1|-1 -1|-1  1| 1 -1|-1  1| 1 -1|-1  1| 1 -1|-1  1| 1 -1]
[-----+-----+-----+-----+-----+-----+-----+-----+-----+-----]
[ 1 -1|-1 -1| 1 -1| 1  1| 1  1| 1  1|-1 -1|-1 -1| 1  1|-1 -1]
[ 1  1|-1  1|-1 -1| 1 -1| 1 -1| 1 -1|-1  1|-1  1| 1 -1|-1  1]
[-----+-----+-----+-----+-----+-----+-----+-----+-----+-----]
[ 1 -1| 1  1| 1  1| 1 -1|-1 -1|-1 -1|-1 -1| 1  1| 1  1|-1 -1]
[ 1  1| 1 -1| 1 -1|-1 -1|-1  1|-1  1|-1  1| 1 -1| 1 -1|-1  1]
[-----+-----+-----+-----+-----+-----+-----+-----+-----+-----]
[ 1 -1|-1 -1| 1  1|-1 -1| 1 -1| 1  1| 1  1| 1  1|-1 -1|-1 -1]
[ 1  1|-1  1| 1 -1|-1  1|-1 -1| 1 -1| 1 -1| 1 -1|-1  1|-1  1]
[-----+-----+-----+-----+-----+-----+-----+-----+-----+-----]
[ 1 -1| 1  1| 1  1|-1 -1| 1  1| 1 -1|-1 -1|-1 -1|-1 -1| 1  1]
[ 1  1| 1 -1| 1 -1|-1  1| 1 -1|-1 -1|-1  1|-1  1|-1  1| 1 -1]
[-----+-----+-----+-----+-----+-----+-----+-----+-----+-----]
[ 1 -1|-1 -1|-1 -1|-1 -1| 1  1|-1 -1| 1 -1| 1  1| 1  1| 1  1]
[ 1  1|-1  1|-1  1|-1  1| 1 -1|-1  1|-1 -1| 1 -1| 1 -1| 1 -1]
[-----+-----+-----+-----+-----+-----+-----+-----+-----+-----]
[ 1 -1| 1  1|-1 -1| 1  1| 1  1|-1 -1| 1  1| 1 -1|-1 -1|-1 -1]
[ 1  1| 1 -1|-1  1| 1 -1| 1 -1|-1  1| 1 -1|-1 -1|-1  1|-1  1]
[-----+-----+-----+-----+-----+-----+-----+-----+-----+-----]
[ 1 -1|-1 -1| 1  1| 1  1|-1 -1|-1 -1| 1  1|-1 -1| 1 -1| 1  1]
[ 1  1|-1  1| 1 -1| 1 -1|-1  1|-1  1| 1 -1|-1  1|-1 -1| 1 -1]
[-----+-----+-----+-----+-----+-----+-----+-----+-----+-----]
[ 1 -1| 1  1|-1 -1|-1 -1|-1 -1| 1  1| 1  1|-1 -1| 1  1| 1 -1]
[ 1  1| 1 -1|-1  1|-1  1|-1  1| 1 -1| 1 -1|-1  1| 1 -1|-1 -1]
24 =================
[ 1  1  1  1  1  1  1  1  1  1  1  1  1  1  1  1  1  1  1  1  1  1  1  1]
[ 1 -1 -1  1 -1  1 -1  1 -1  1 -1  1  1 -1 -1  1 -1  1 -1  1 -1  1 -1  1]
[ 1 -1  1 -1  1  1 -1 -1 -1 -1  1  1  1 -1  1 -1  1  1 -1 -1 -1 -1  1  1]
[ 1  1 -1 -1  1 -1 -1  1 -1  1  1 -1  1  1 -1 -1  1 -1 -1  1 -1  1  1 -1]
[ 1 -1  1  1  1 -1  1  1 -1 -1 -1 -1  1 -1  1  1  1 -1  1  1 -1 -1 -1 -1]
[ 1  1  1 -1 -1 -1  1 -1 -1  1 -1  1  1  1  1 -1 -1 -1  1 -1 -1  1 -1  1]
[ 1 -1 -1 -1  1  1  1 -1  1  1 -1 -1  1 -1 -1 -1  1  1  1 -1  1  1 -1 -1]
[ 1  1 -1  1  1 -1 -1 -1  1 -1 -1  1  1  1 -1  1  1 -1 -1 -1  1 -1 -1  1]
[ 1 -1 -1 -1 -1 -1  1  1  1 -1  1  1  1 -1 -1 -1 -1 -1  1  1  1 -1  1  1]
[ 1  1 -1  1 -1  1  1 -1 -1 -1  1 -1  1  1 -1  1 -1  1  1 -1 -1 -1  1 -1]
[ 1 -1  1  1 -1 -1 -1 -1  1  1  1 -1  1 -1  1  1 -1 -1 -1 -1  1  1  1 -1]
[ 1  1  1 -1 -1  1 -1  1  1 -1 -1 -1  1  1  1 -1 -1  1 -1  1  1 -1 -1 -1]
[ 1  1  1  1  1  1  1  1  1  1  1  1 -1 -1 -1 -1 -1 -1 -1 -1 -1 -1 -1 -1]
[ 1 -1 -1  1 -1  1 -1  1 -1  1 -1  1 -1  1  1 -1  1 -1  1 -1  1 -1  1 -1]
[ 1 -1  1 -1  1  1 -1 -1 -1 -1  1  1 -1  1 -1  1 -1 -1  1  1  1  1 -1 -1]
[ 1  1 -1 -1  1 -1 -1  1 -1  1  1 -1 -1 -1  1  1 -1  1  1 -1  1 -1 -1  1]
[ 1 -1  1  1  1 -1  1  1 -1 -1 -1 -1 -1  1 -1 -1 -1  1 -1 -1  1  1  1  1]
[ 1  1  1 -1 -1 -1  1 -1 -1  1 -1  1 -1 -1 -1  1  1  1 -1  1  1 -1  1 -1]
[ 1 -1 -1 -1  1  1  1 -1  1  1 -1 -1 -1  1  1  1 -1 -1 -1  1 -1 -1  1  1]
[ 1  1 -1  1  1 -1 -1 -1  1 -1 -1  1 -1 -1  1 -1 -1  1  1  1 -1  1  1 -1]
[ 1 -1 -1 -1 -1 -1  1  1  1 -1  1  1 -1  1  1  1  1  1 -1 -1 -1  1 -1 -1]
[ 1  1 -1  1 -1  1  1 -1 -1 -1  1 -1 -1 -1  1 -1  1 -1 -1  1  1  1 -1  1]
[ 1 -1  1  1 -1 -1 -1 -1  1  1  1 -1 -1  1 -1 -1  1  1  1  1 -1 -1 -1  1]
[ 1  1  1 -1 -1  1 -1  1  1 -1 -1 -1 -1 -1 -1  1  1 -1  1 -1 -1  1  1  1]
28 =================
[ 1  1| 1  1| 1  1| 1  1| 1  1| 1  1| 1  1| 1  1| 1  1| 1  1| 1  1| 1  1| 1  1| 1  1]
[ 1 -1|-1  1|-1  1|-1  1|-1  1|-1  1|-1  1|-1  1|-1  1|-1  1|-1  1|-1  1|-1  1|-1  1]
[-----+-----+-----+-----+-----+-----+-----+-----+-----+-----+-----+-----+-----+-----]
[ 1 -1| 1 -1| 1  1|-1 -1| 1  1| 1  1|-1 -1|-1 -1|-1 -1|-1 -1| 1  1| 1  1|-1 -1| 1  1]
[ 1  1|-1 -1| 1 -1|-1  1| 1 -1| 1 -1|-1  1|-1  1|-1  1|-1  1| 1 -1| 1 -1|-1  1| 1 -1]
[-----+-----+-----+-----+-----+-----+-----+-----+-----+-----+-----+-----+-----+-----]
[ 1 -1| 1  1| 1 -1| 1  1|-1 -1| 1  1| 1  1|-1 -1|-1 -1|-1 -1|-1 -1| 1  1| 1  1|-1 -1]
[ 1  1| 1 -1|-1 -1| 1 -1|-1  1| 1 -1| 1 -1|-1  1|-1  1|-1  1|-1  1| 1 -1| 1 -1|-1  1]
[-----+-----+-----+-----+-----+-----+-----+-----+-----+-----+-----+-----+-----+-----]
[ 1 -1|-1 -1| 1  1| 1 -1| 1  1|-1 -1| 1  1| 1  1|-1 -1|-1 -1|-1 -1|-1 -1| 1  1| 1  1]
[ 1  1|-1  1| 1 -1|-1 -1| 1 -1|-1  1| 1 -1| 1 -1|-1  1|-1  1|-1  1|-1  1| 1 -1| 1 -1]
[-----+-----+-----+-----+-----+-----+-----+-----+-----+-----+-----+-----+-----+-----]
[ 1 -1| 1  1|-1 -1| 1  1| 1 -1| 1  1|-1 -1| 1  1| 1  1|-1 -1|-1 -1|-1 -1|-1 -1| 1  1]
[ 1  1| 1 -1|-1  1| 1 -1|-1 -1| 1 -1|-1  1| 1 -1| 1 -1|-1  1|-1  1|-1  1|-1  1| 1 -1]
[-----+-----+-----+-----+-----+-----+-----+-----+-----+-----+-----+-----+-----+-----]
[ 1 -1| 1  1| 1  1|-1 -1| 1  1| 1 -1| 1  1|-1 -1| 1  1| 1  1|-1 -1|-1 -1|-1 -1|-1 -1]
[ 1  1| 1 -1| 1 -1|-1  1| 1 -1|-1 -1| 1 -1|-1  1| 1 -1| 1 -1|-1  1|-1  1|-1  1|-1  1]
[-----+-----+-----+-----+-----+-----+-----+-----+-----+-----+-----+-----+-----+-----]
[ 1 -1|-1 -1| 1  1| 1  1|-1 -1| 1  1| 1 -1| 1  1|-1 -1| 1  1| 1  1|-1 -1|-1 -1|-1 -1]
[ 1  1|-1  1| 1 -1| 1 -1|-1  1| 1 -1|-1 -1| 1 -1|-1  1| 1 -1| 1 -1|-1  1|-1  1|-1  1]
[-----+-----+-----+-----+-----+-----+-----+-----+-----+-----+-----+-----+-----+-----]
[ 1 -1|-1 -1|-1 -1| 1  1| 1  1|-1 -1| 1  1| 1 -1| 1  1|-1 -1| 1  1| 1  1|-1 -1|-1 -1]
[ 1  1|-1  1|-1  1| 1 -1| 1 -1|-1  1| 1 -1|-1 -1| 1 -1|-1  1| 1 -1| 1 -1|-1  1|-1  1]
[-----+-----+-----+-----+-----+-----+-----+-----+-----+-----+-----+-----+-----+-----]
[ 1 -1|-1 -1|-1 -1|-1 -1| 1  1| 1  1|-1 -1| 1  1| 1 -1| 1  1|-1 -1| 1  1| 1  1|-1 -1]
[ 1  1|-1  1|-1  1|-1  1| 1 -1| 1 -1|-1  1| 1 -1|-1 -1| 1 -1|-1  1| 1 -1| 1 -1|-1  1]
[-----+-----+-----+-----+-----+-----+-----+-----+-----+-----+-----+-----+-----+-----]
[ 1 -1|-1 -1|-1 -1|-1 -1|-1 -1| 1  1| 1  1|-1 -1| 1  1| 1 -1| 1  1|-1 -1| 1  1| 1  1]
[ 1  1|-1  1|-1  1|-1  1|-1  1| 1 -1| 1 -1|-1  1| 1 -1|-1 -1| 1 -1|-1  1| 1 -1| 1 -1]
[-----+-----+-----+-----+-----+-----+-----+-----+-----+-----+-----+-----+-----+-----]
[ 1 -1| 1  1|-1 -1|-1 -1|-1 -1|-1 -1| 1  1| 1  1|-1 -1| 1  1| 1 -1| 1  1|-1 -1| 1  1]
[ 1  1| 1 -1|-1  1|-1  1|-1  1|-1  1| 1 -1| 1 -1|-1  1| 1 -1|-1 -1| 1 -1|-1  1| 1 -1]
[-----+-----+-----+-----+-----+-----+-----+-----+-----+-----+-----+-----+-----+-----]
[ 1 -1| 1  1| 1  1|-1 -1|-1 -1|-1 -1|-1 -1| 1  1| 1  1|-1 -1| 1  1| 1 -1| 1  1|-1 -1]
[ 1  1| 1 -1| 1 -1|-1  1|-1  1|-1  1|-1  1| 1 -1| 1 -1|-1  1| 1 -1|-1 -1| 1 -1|-1  1]
[-----+-----+-----+-----+-----+-----+-----+-----+-----+-----+-----+-----+-----+-----]
[ 1 -1|-1 -1| 1  1| 1  1|-1 -1|-1 -1|-1 -1|-1 -1| 1  1| 1  1|-1 -1| 1  1| 1 -1| 1  1]
[ 1  1|-1  1| 1 -1| 1 -1|-1  1|-1  1|-1  1|-1  1| 1 -1| 1 -1|-1  1| 1 -1|-1 -1| 1 -1]
[-----+-----+-----+-----+-----+-----+-----+-----+-----+-----+-----+-----+-----+-----]
[ 1 -1| 1  1|-1 -1| 1  1| 1  1|-1 -1|-1 -1|-1 -1|-1 -1| 1  1| 1  1|-1 -1| 1  1| 1 -1]
[ 1  1| 1 -1|-1  1| 1 -1| 1 -1|-1  1|-1  1|-1  1|-1  1| 1 -1| 1 -1|-1  1| 1 -1|-1 -1]
32 =================
[ 1  1  1  1  1  1  1  1  1  1  1  1  1  1  1  1  1  1  1  1  1  1  1  1  1  1  1  1  1  1  1  1]
[ 1 -1  1 -1  1 -1  1 -1  1 -1  1 -1  1 -1  1 -1  1 -1  1 -1  1 -1  1 -1  1 -1  1 -1  1 -1  1 -1]
[ 1  1 -1 -1  1  1 -1 -1  1  1 -1 -1  1  1 -1 -1  1  1 -1 -1  1  1 -1 -1  1  1 -1 -1  1  1 -1 -1]
[ 1 -1 -1  1  1 -1 -1  1  1 -1 -1  1  1 -1 -1  1  1 -1 -1  1  1 -1 -1  1  1 -1 -1  1  1 -1 -1  1]
[ 1  1  1  1 -1 -1 -1 -1  1  1  1  1 -1 -1 -1 -1  1  1  1  1 -1 -1 -1 -1  1  1  1  1 -1 -1 -1 -1]
[ 1 -1  1 -1 -1  1 -1  1  1 -1  1 -1 -1  1 -1  1  1 -1  1 -1 -1  1 -1  1  1 -1  1 -1 -1  1 -1  1]
[ 1  1 -1 -1 -1 -1  1  1  1  1 -1 -1 -1 -1  1  1  1  1 -1 -1 -1 -1  1  1  1  1 -1 -1 -1 -1  1  1]
[ 1 -1 -1  1 -1  1  1 -1  1 -1 -1  1 -1  1  1 -1  1 -1 -1  1 -1  1  1 -1  1 -1 -1  1 -1  1  1 -1]
[ 1  1  1  1  1  1  1  1 -1 -1 -1 -1 -1 -1 -1 -1  1  1  1  1  1  1  1  1 -1 -1 -1 -1 -1 -1 -1 -1]
[ 1 -1  1 -1  1 -1  1 -1 -1  1 -1  1 -1  1 -1  1  1 -1  1 -1  1 -1  1 -1 -1  1 -1  1 -1  1 -1  1]
[ 1  1 -1 -1  1  1 -1 -1 -1 -1  1  1 -1 -1  1  1  1  1 -1 -1  1  1 -1 -1 -1 -1  1  1 -1 -1  1  1]
[ 1 -1 -1  1  1 -1 -1  1 -1  1  1 -1 -1  1  1 -1  1 -1 -1  1  1 -1 -1  1 -1  1  1 -1 -1  1  1 -1]
[ 1  1  1  1 -1 -1 -1 -1 -1 -1 -1 -1  1  1  1  1  1  1  1  1 -1 -1 -1 -1 -1 -1 -1 -1  1  1  1  1]
[ 1 -1  1 -1 -1  1 -1  1 -1  1 -1  1  1 -1  1 -1  1 -1  1 -1 -1  1 -1  1 -1  1 -1  1  1 -1  1 -1]
[ 1  1 -1 -1 -1 -1  1  1 -1 -1  1  1  1  1 -1 -1  1  1 -1 -1 -1 -1  1  1 -1 -1  1  1  1  1 -1 -1]
[ 1 -1 -1  1 -1  1  1 -1 -1  1  1 -1  1 -1 -1  1  1 -1 -1  1 -1  1  1 -1 -1  1  1 -1  1 -1 -1  1]
[ 1  1  1  1  1  1  1  1  1  1  1  1  1  1  1  1 -1 -1 -1 -1 -1 -1 -1 -1 -1 -1 -1 -1 -1 -1 -1 -1]
[ 1 -1  1 -1  1 -1  1 -1  1 -1  1 -1  1 -1  1 -1 -1  1 -1  1 -1  1 -1  1 -1  1 -1  1 -1  1 -1  1]
[ 1  1 -1 -1  1  1 -1 -1  1  1 -1 -1  1  1 -1 -1 -1 -1  1  1 -1 -1  1  1 -1 -1  1  1 -1 -1  1  1]
[ 1 -1 -1  1  1 -1 -1  1  1 -1 -1  1  1 -1 -1  1 -1  1  1 -1 -1  1  1 -1 -1  1  1 -1 -1  1  1 -1]
[ 1  1  1  1 -1 -1 -1 -1  1  1  1  1 -1 -1 -1 -1 -1 -1 -1 -1  1  1  1  1 -1 -1 -1 -1  1  1  1  1]
[ 1 -1  1 -1 -1  1 -1  1  1 -1  1 -1 -1  1 -1  1 -1  1 -1  1  1 -1  1 -1 -1  1 -1  1  1 -1  1 -1]
[ 1  1 -1 -1 -1 -1  1  1  1  1 -1 -1 -1 -1  1  1 -1 -1  1  1  1  1 -1 -1 -1 -1  1  1  1  1 -1 -1]
[ 1 -1 -1  1 -1  1  1 -1  1 -1 -1  1 -1  1  1 -1 -1  1  1 -1  1 -1 -1  1 -1  1  1 -1  1 -1 -1  1]
[ 1  1  1  1  1  1  1  1 -1 -1 -1 -1 -1 -1 -1 -1 -1 -1 -1 -1 -1 -1 -1 -1  1  1  1  1  1  1  1  1]
[ 1 -1  1 -1  1 -1  1 -1 -1  1 -1  1 -1  1 -1  1 -1  1 -1  1 -1  1 -1  1  1 -1  1 -1  1 -1  1 -1]
[ 1  1 -1 -1  1  1 -1 -1 -1 -1  1  1 -1 -1  1  1 -1 -1  1  1 -1 -1  1  1  1  1 -1 -1  1  1 -1 -1]
[ 1 -1 -1  1  1 -1 -1  1 -1  1  1 -1 -1  1  1 -1 -1  1  1 -1 -1  1  1 -1  1 -1 -1  1  1 -1 -1  1]
[ 1  1  1  1 -1 -1 -1 -1 -1 -1 -1 -1  1  1  1  1 -1 -1 -1 -1  1  1  1  1  1  1  1  1 -1 -1 -1 -1]
[ 1 -1  1 -1 -1  1 -1  1 -1  1 -1  1  1 -1  1 -1 -1  1 -1  1  1 -1  1 -1  1 -1  1 -1 -1  1 -1  1]
[ 1  1 -1 -1 -1 -1  1  1 -1 -1  1  1  1  1 -1 -1 -1 -1  1  1  1  1 -1 -1  1  1 -1 -1 -1 -1  1  1]
[ 1 -1 -1  1 -1  1  1 -1 -1  1  1 -1  1 -1 -1  1 -1  1  1 -1  1 -1 -1  1  1 -1 -1  1 -1  1  1 -1]
36 =================
[ 1  1| 1  1| 1  1| 1  1| 1  1| 1  1| 1  1| 1  1| 1  1| 1  1| 1  1| 1  1| 1  1| 1  1| 1  1| 1  1| 1  1| 1  1]
[ 1 -1|-1  1|-1  1|-1  1|-1  1|-1  1|-1  1|-1  1|-1  1|-1  1|-1  1|-1  1|-1  1|-1  1|-1  1|-1  1|-1  1|-1  1]
[-----+-----+-----+-----+-----+-----+-----+-----+-----+-----+-----+-----+-----+-----+-----+-----+-----+-----]
[ 1 -1| 1 -1| 1  1| 1  1|-1 -1| 1  1|-1 -1|-1 -1|-1 -1| 1  1| 1  1|-1 -1|-1 -1|-1 -1| 1  1|-1 -1| 1  1| 1  1]
[ 1  1|-1 -1| 1 -1| 1 -1|-1  1| 1 -1|-1  1|-1  1|-1  1| 1 -1| 1 -1|-1  1|-1  1|-1  1| 1 -1|-1  1| 1 -1| 1 -1]
[-----+-----+-----+-----+-----+-----+-----+-----+-----+-----+-----+-----+-----+-----+-----+-----+-----+-----]
[ 1 -1| 1  1| 1 -1| 1  1| 1  1|-1 -1| 1  1|-1 -1|-1 -1|-1 -1| 1  1| 1  1|-1 -1|-1 -1|-1 -1| 1  1|-1 -1| 1  1]
[ 1  1| 1 -1|-1 -1| 1 -1| 1 -1|-1  1| 1 -1|-1  1|-1  1|-1  1| 1 -1| 1 -1|-1  1|-1  1|-1  1| 1 -1|-1  1| 1 -1]
[-----+-----+-----+-----+-----+-----+-----+-----+-----+-----+-----+-----+-----+-----+-----+-----+-----+-----]
[ 1 -1| 1  1| 1  1| 1 -1| 1  1| 1  1|-1 -1| 1  1|-1 -1|-1 -1|-1 -1| 1  1| 1  1|-1 -1|-1 -1|-1 -1| 1  1|-1 -1]
[ 1  1| 1 -1| 1 -1|-1 -1| 1 -1| 1 -1|-1  1| 1 -1|-1  1|-1  1|-1  1| 1 -1| 1 -1|-1  1|-1  1|-1  1| 1 -1|-1  1]
[-----+-----+-----+-----+-----+-----+-----+-----+-----+-----+-----+-----+-----+-----+-----+-----+-----+-----]
[ 1 -1|-1 -1| 1  1| 1  1| 1 -1| 1  1| 1  1|-1 -1| 1  1|-1 -1|-1 -1|-1 -1| 1  1| 1  1|-1 -1|-1 -1|-1 -1| 1  1]
[ 1  1|-1  1| 1 -1| 1 -1|-1 -1| 1 -1| 1 -1|-1  1| 1 -1|-1  1|-1  1|-1  1| 1 -1| 1 -1|-1  1|-1  1|-1  1| 1 -1]
[-----+-----+-----+-----+-----+-----+-----+-----+-----+-----+-----+-----+-----+-----+-----+-----+-----+-----]
[ 1 -1| 1  1|-1 -1| 1  1| 1  1| 1 -1| 1  1| 1  1|-1 -1| 1  1|-1 -1|-1 -1|-1 -1| 1  1| 1  1|-1 -1|-1 -1|-1 -1]
[ 1  1| 1 -1|-1  1| 1 -1| 1 -1|-1 -1| 1 -1| 1 -1|-1  1| 1 -1|-1  1|-1  1|-1  1| 1 -1| 1 -1|-1  1|-1  1|-1  1]
[-----+-----+-----+-----+-----+-----+-----+-----+-----+-----+-----+-----+-----+-----+-----+-----+-----+-----]
[ 1 -1|-1 -1| 1  1|-1 -1| 1  1| 1  1| 1 -1| 1  1| 1  1|-1 -1| 1  1|-1 -1|-1 -1|-1 -1| 1  1| 1  1|-1 -1|-1 -1]
[ 1  1|-1  1| 1 -1|-1  1| 1 -1| 1 -1|-1 -1| 1 -1| 1 -1|-1  1| 1 -1|-1  1|-1  1|-1  1| 1 -1| 1 -1|-1  1|-1  1]
[-----+-----+-----+-----+-----+-----+-----+-----+-----+-----+-----+-----+-----+-----+-----+-----+-----+-----]
[ 1 -1|-1 -1|-1 -1| 1  1|-1 -1| 1  1| 1  1| 1 -1| 1  1| 1  1|-1 -1| 1  1|-1 -1|-1 -1|-1 -1| 1  1| 1  1|-1 -1]
[ 1  1|-1  1|-1  1| 1 -1|-1  1| 1 -1| 1 -1|-1 -1| 1 -1| 1 -1|-1  1| 1 -1|-1  1|-1  1|-1  1| 1 -1| 1 -1|-1  1]
[-----+-----+-----+-----+-----+-----+-----+-----+-----+-----+-----+-----+-----+-----+-----+-----+-----+-----]
[ 1 -1|-1 -1|-1 -1|-1 -1| 1  1|-1 -1| 1  1| 1  1| 1 -1| 1  1| 1  1|-1 -1| 1  1|-1 -1|-1 -1|-1 -1| 1  1| 1  1]
[ 1  1|-1  1|-1  1|-1  1| 1 -1|-1  1| 1 -1| 1 -1|-1 -1| 1 -1| 1 -1|-1  1| 1 -1|-1  1|-1  1|-1  1| 1 -1| 1 -1]
[-----+-----+-----+-----+-----+-----+-----+-----+-----+-----+-----+-----+-----+-----+-----+-----+-----+-----]
[ 1 -1| 1  1|-1 -1|-1 -1|-1 -1| 1  1|-1 -1| 1  1| 1  1| 1 -1| 1  1| 1  1|-1 -1| 1  1|-1 -1|-1 -1|-1 -1| 1  1]
[ 1  1| 1 -1|-1  1|-1  1|-1  1| 1 -1|-1  1| 1 -1| 1 -1|-1 -1| 1 -1| 1 -1|-1  1| 1 -1|-1  1|-1  1|-1  1| 1 -1]
[-----+-----+-----+-----+-----+-----+-----+-----+-----+-----+-----+-----+-----+-----+-----+-----+-----+-----]
[ 1 -1| 1  1| 1  1|-1 -1|-1 -1|-1 -1| 1  1|-1 -1| 1  1| 1  1| 1 -1| 1  1| 1  1|-1 -1| 1  1|-1 -1|-1 -1|-1 -1]
[ 1  1| 1 -1| 1 -1|-1  1|-1  1|-1  1| 1 -1|-1  1| 1 -1| 1 -1|-1 -1| 1 -1| 1 -1|-1  1| 1 -1|-1  1|-1  1|-1  1]
[-----+-----+-----+-----+-----+-----+-----+-----+-----+-----+-----+-----+-----+-----+-----+-----+-----+-----]
[ 1 -1|-1 -1| 1  1| 1  1|-1 -1|-1 -1|-1 -1| 1  1|-1 -1| 1  1| 1  1| 1 -1| 1  1| 1  1|-1 -1| 1  1|-1 -1|-1 -1]
[ 1  1|-1  1| 1 -1| 1 -1|-1  1|-1  1|-1  1| 1 -1|-1  1| 1 -1| 1 -1|-1 -1| 1 -1| 1 -1|-1  1| 1 -1|-1  1|-1  1]
[-----+-----+-----+-----+-----+-----+-----+-----+-----+-----+-----+-----+-----+-----+-----+-----+-----+-----]
[ 1 -1|-1 -1|-1 -1| 1  1| 1  1|-1 -1|-1 -1|-1 -1| 1  1|-1 -1| 1  1| 1  1| 1 -1| 1  1| 1  1|-1 -1| 1  1|-1 -1]
[ 1  1|-1  1|-1  1| 1 -1| 1 -1|-1  1|-1  1|-1  1| 1 -1|-1  1| 1 -1| 1 -1|-1 -1| 1 -1| 1 -1|-1  1| 1 -1|-1  1]
[-----+-----+-----+-----+-----+-----+-----+-----+-----+-----+-----+-----+-----+-----+-----+-----+-----+-----]
[ 1 -1|-1 -1|-1 -1|-1 -1| 1  1| 1  1|-1 -1|-1 -1|-1 -1| 1  1|-1 -1| 1  1| 1  1| 1 -1| 1  1| 1  1|-1 -1| 1  1]
[ 1  1|-1  1|-1  1|-1  1| 1 -1| 1 -1|-1  1|-1  1|-1  1| 1 -1|-1  1| 1 -1| 1 -1|-1 -1| 1 -1| 1 -1|-1  1| 1 -1]
[-----+-----+-----+-----+-----+-----+-----+-----+-----+-----+-----+-----+-----+-----+-----+-----+-----+-----]
[ 1 -1| 1  1|-1 -1|-1 -1|-1 -1| 1  1| 1  1|-1 -1|-1 -1|-1 -1| 1  1|-1 -1| 1  1| 1  1| 1 -1| 1  1| 1  1|-1 -1]
[ 1  1| 1 -1|-1  1|-1  1|-1  1| 1 -1| 1 -1|-1  1|-1  1|-1  1| 1 -1|-1  1| 1 -1| 1 -1|-1 -1| 1 -1| 1 -1|-1  1]
[-----+-----+-----+-----+-----+-----+-----+-----+-----+-----+-----+-----+-----+-----+-----+-----+-----+-----]
[ 1 -1|-1 -1| 1  1|-1 -1|-1 -1|-1 -1| 1  1| 1  1|-1 -1|-1 -1|-1 -1| 1  1|-1 -1| 1  1| 1  1| 1 -1| 1  1| 1  1]
[ 1  1|-1  1| 1 -1|-1  1|-1  1|-1  1| 1 -1| 1 -1|-1  1|-1  1|-1  1| 1 -1|-1  1| 1 -1| 1 -1|-1 -1| 1 -1| 1 -1]
[-----+-----+-----+-----+-----+-----+-----+-----+-----+-----+-----+-----+-----+-----+-----+-----+-----+-----]
[ 1 -1| 1  1|-1 -1| 1  1|-1 -1|-1 -1|-1 -1| 1  1| 1  1|-1 -1|-1 -1|-1 -1| 1  1|-1 -1| 1  1| 1  1| 1 -1| 1  1]
[ 1  1| 1 -1|-1  1| 1 -1|-1  1|-1  1|-1  1| 1 -1| 1 -1|-1  1|-1  1|-1  1| 1 -1|-1  1| 1 -1| 1 -1|-1 -1| 1 -1]
[-----+-----+-----+-----+-----+-----+-----+-----+-----+-----+-----+-----+-----+-----+-----+-----+-----+-----]
[ 1 -1| 1  1| 1  1|-1 -1| 1  1|-1 -1|-1 -1|-1 -1| 1  1| 1  1|-1 -1|-1 -1|-1 -1| 1  1|-1 -1| 1  1| 1  1| 1 -1]
[ 1  1| 1 -1| 1 -1|-1  1| 1 -1|-1  1|-1  1|-1  1| 1 -1| 1 -1|-1  1|-1  1|-1  1| 1 -1|-1  1| 1 -1| 1 -1|-1 -1]
40 =================
[ 1  1  1  1  1  1  1  1  1  1  1  1  1  1  1  1  1  1  1  1  1  1  1  1  1  1  1  1  1  1  1  1  1  1  1  1  1  1  1  1]
[ 1 -1 -1  1 -1  1 -1  1 -1  1 -1  1 -1  1 -1  1 -1  1 -1  1  1 -1 -1  1 -1  1 -1  1 -1  1 -1  1 -1  1 -1  1 -1  1 -1  1]
[ 1 -1  1 -1 -1 -1  1  1 -1 -1  1  1 -1 -1  1  1 -1 -1  1  1  1 -1  1 -1 -1 -1  1  1 -1 -1  1  1 -1 -1  1  1 -1 -1  1  1]
[ 1  1 -1 -1 -1  1  1 -1 -1  1  1 -1 -1  1  1 -1 -1  1  1 -1  1  1 -1 -1 -1  1  1 -1 -1  1  1 -1 -1  1  1 -1 -1  1  1 -1]
[ 1 -1 -1 -1  1 -1  1  1  1  1  1  1 -1 -1 -1 -1  1  1 -1 -1  1 -1 -1 -1  1 -1  1  1  1  1  1  1 -1 -1 -1 -1  1  1 -1 -1]
[ 1  1 -1  1 -1 -1  1 -1  1 -1  1 -1 -1  1 -1  1  1 -1 -1  1  1  1 -1  1 -1 -1  1 -1  1 -1  1 -1 -1  1 -1  1  1 -1 -1  1]
[ 1 -1  1  1  1  1  1 -1 -1 -1 -1 -1 -1 -1  1  1  1  1 -1 -1  1 -1  1  1  1  1  1 -1 -1 -1 -1 -1 -1 -1  1  1  1  1 -1 -1]
[ 1  1  1 -1  1 -1 -1 -1 -1  1 -1  1 -1  1  1 -1  1 -1 -1  1  1  1  1 -1  1 -1 -1 -1 -1  1 -1  1 -1  1  1 -1  1 -1 -1  1]
[ 1 -1 -1 -1  1  1 -1 -1  1 -1  1  1  1  1  1  1 -1 -1 -1 -1  1 -1 -1 -1  1  1 -1 -1  1 -1  1  1  1  1  1  1 -1 -1 -1 -1]
[ 1  1 -1  1  1 -1 -1  1 -1 -1  1 -1  1 -1  1 -1 -1  1 -1  1  1  1 -1  1  1 -1 -1  1 -1 -1  1 -1  1 -1  1 -1 -1  1 -1  1]
[ 1 -1  1  1  1  1 -1 -1  1  1  1 -1 -1 -1 -1 -1 -1 -1  1  1  1 -1  1  1  1  1 -1 -1  1  1  1 -1 -1 -1 -1 -1 -1 -1  1  1]
[ 1  1  1 -1  1 -1 -1  1  1 -1 -1 -1 -1  1 -1  1 -1  1  1 -1  1  1  1 -1  1 -1 -1  1  1 -1 -1 -1 -1  1 -1  1 -1  1  1 -1]
[ 1 -1 -1 -1 -1 -1 -1 -1  1  1 -1 -1  1 -1  1  1  1  1  1  1  1 -1 -1 -1 -1 -1 -1 -1  1  1 -1 -1  1 -1  1  1  1  1  1  1]
[ 1  1 -1  1 -1  1 -1  1  1 -1 -1  1 -1 -1  1 -1  1 -1  1 -1  1  1 -1  1 -1  1 -1  1  1 -1 -1  1 -1 -1  1 -1  1 -1  1 -1]
[ 1 -1  1  1 -1 -1  1  1  1  1 -1 -1  1  1  1 -1 -1 -1 -1 -1  1 -1  1  1 -1 -1  1  1  1  1 -1 -1  1  1  1 -1 -1 -1 -1 -1]
[ 1  1  1 -1 -1  1  1 -1  1 -1 -1  1  1 -1 -1 -1 -1  1 -1  1  1  1  1 -1 -1  1  1 -1  1 -1 -1  1  1 -1 -1 -1 -1  1 -1  1]
[ 1 -1 -1 -1  1  1  1  1 -1 -1 -1 -1  1  1 -1 -1  1 -1  1  1  1 -1 -1 -1  1  1  1  1 -1 -1 -1 -1  1  1 -1 -1  1 -1  1  1]
[ 1  1 -1  1  1 -1  1 -1 -1  1 -1  1  1 -1 -1  1 -1 -1  1 -1  1  1 -1  1  1 -1  1 -1 -1  1 -1  1  1 -1 -1  1 -1 -1  1 -1]
[ 1 -1  1  1 -1 -1 -1 -1 -1 -1  1  1  1  1 -1 -1  1  1  1 -1  1 -1  1  1 -1 -1 -1 -1 -1 -1  1  1  1  1 -1 -1  1  1  1 -1]
[ 1  1  1 -1 -1  1 -1  1 -1  1  1 -1  1 -1 -1  1  1 -1 -1 -1  1  1  1 -1 -1  1 -1  1 -1  1  1 -1  1 -1 -1  1  1 -1 -1 -1]
[ 1  1  1  1  1  1  1  1  1  1  1  1  1  1  1  1  1  1  1  1 -1 -1 -1 -1 -1 -1 -1 -1 -1 -1 -1 -1 -1 -1 -1 -1 -1 -1 -1 -1]
[ 1 -1 -1  1 -1  1 -1  1 -1  1 -1  1 -1  1 -1  1 -1  1 -1  1 -1  1  1 -1  1 -1  1 -1  1 -1  1 -1  1 -1  1 -1  1 -1  1 -1]
[ 1 -1  1 -1 -1 -1  1  1 -1 -1  1  1 -1 -1  1  1 -1 -1  1  1 -1  1 -1  1  1  1 -1 -1  1  1 -1 -1  1  1 -1 -1  1  1 -1 -1]
[ 1  1 -1 -1 -1  1  1 -1 -1  1  1 -1 -1  1  1 -1 -1  1  1 -1 -1 -1  1  1  1 -1 -1  1  1 -1 -1  1  1 -1 -1  1  1 -1 -1  1]
[ 1 -1 -1 -1  1 -1  1  1  1  1  1  1 -1 -1 -1 -1  1  1 -1 -1 -1  1  1  1 -1  1 -1 -1 -1 -1 -1 -1  1  1  1  1 -1 -1  1  1]
[ 1  1 -1  1 -1 -1  1 -1  1 -1  1 -1 -1  1 -1  1  1 -1 -1  1 -1 -1  1 -1  1  1 -1  1 -1  1 -1  1  1 -1  1 -1 -1  1  1 -1]
[ 1 -1  1  1  1  1  1 -1 -1 -1 -1 -1 -1 -1  1  1  1  1 -1 -1 -1  1 -1 -1 -1 -1 -1  1  1  1  1  1  1  1 -1 -1 -1 -1  1  1]
[ 1  1  1 -1  1 -1 -1 -1 -1  1 -1  1 -1  1  1 -1  1 -1 -1  1 -1 -1 -1  1 -1  1  1  1  1 -1  1 -1  1 -1 -1  1 -1  1  1 -1]
[ 1 -1 -1 -1  1  1 -1 -1  1 -1  1  1  1  1  1  1 -1 -1 -1 -1 -1  1  1  1 -1 -1  1  1 -1  1 -1 -1 -1 -1 -1 -1  1  1  1  1]
[ 1  1 -1  1  1 -1 -1  1 -1 -1  1 -1  1 -1  1 -1 -1  1 -1  1 -1 -1  1 -1 -1  1  1 -1  1  1 -1  1 -1  1 -1  1  1 -1  1 -1]
[ 1 -1  1  1  1  1 -1 -1  1  1  1 -1 -1 -1 -1 -1 -1 -1  1  1 -1  1 -1 -1 -1 -1  1  1 -1 -1 -1  1  1  1  1  1  1  1 -1 -1]
[ 1  1  1 -1  1 -1 -1  1  1 -1 -1 -1 -1  1 -1  1 -1  1  1 -1 -1 -1 -1  1 -1  1  1 -1 -1  1  1  1  1 -1  1 -1  1 -1 -1  1]
[ 1 -1 -1 -1 -1 -1 -1 -1  1  1 -1 -1  1 -1  1  1  1  1  1  1 -1  1  1  1  1  1  1  1 -1 -1  1  1 -1  1 -1 -1 -1 -1 -1 -1]
[ 1  1 -1  1 -1  1 -1  1  1 -1 -1  1 -1 -1  1 -1  1 -1  1 -1 -1 -1  1 -1  1 -1  1 -1 -1  1  1 -1  1  1 -1  1 -1  1 -1  1]
[ 1 -1  1  1 -1 -1  1  1  1  1 -1 -1  1  1  1 -1 -1 -1 -1 -1 -1  1 -1 -1  1  1 -1 -1 -1 -1  1  1 -1 -1 -1  1  1  1  1  1]
[ 1  1  1 -1 -1  1  1 -1  1 -1 -1  1  1 -1 -1 -1 -1  1 -1  1 -1 -1 -1  1  1 -1 -1  1 -1  1  1 -1 -1  1  1  1  1 -1  1 -1]
[ 1 -1 -1 -1  1  1  1  1 -1 -1 -1 -1  1  1 -1 -1  1 -1  1  1 -1  1  1  1 -1 -1 -1 -1  1  1  1  1 -1 -1  1  1 -1  1 -1 -1]
[ 1  1 -1  1  1 -1  1 -1 -1  1 -1  1  1 -1 -1  1 -1 -1  1 -1 -1 -1  1 -1 -1  1 -1  1  1 -1  1 -1 -1  1  1 -1  1  1 -1  1]
[ 1 -1  1  1 -1 -1 -1 -1 -1 -1  1  1  1  1 -1 -1  1  1  1 -1 -1  1 -1 -1  1  1  1  1  1  1 -1 -1 -1 -1  1  1 -1 -1 -1  1]
[ 1  1  1 -1 -1  1 -1  1 -1  1  1 -1  1 -1 -1  1  1 -1 -1 -1 -1 -1 -1  1  1 -1  1 -1  1 -1 -1  1 -1  1  1 -1 -1  1  1  1]
44 =================
[ 1  1  1  1  1  1  1  1  1  1  1  1  1  1  1  1  1  1  1  1  1  1  1  1  1  1  1  1  1  1  1  1  1  1  1  1  1  1  1  1  1  1  1  1]
[ 1 -1  1 -1 -1  1 -1  1 -1 -1  1  1  1 -1  1  1  1  1  1 -1 -1 -1  1 -1  1  1  1 -1 -1 -1 -1 -1  1 -1 -1 -1  1  1 -1  1 -1  1  1 -1]
[ 1 -1 -1  1 -1 -1  1 -1  1 -1 -1  1  1  1 -1  1  1  1  1  1 -1 -1 -1  1 -1  1  1  1 -1 -1 -1 -1 -1  1 -1 -1 -1  1  1 -1  1 -1  1  1]
[ 1  1 -1 -1  1 -1 -1  1 -1  1 -1 -1  1  1  1 -1  1  1  1  1  1 -1 -1 -1  1 -1  1  1  1 -1 -1 -1 -1 -1  1 -1 -1 -1  1  1 -1  1 -1  1]
[ 1  1  1 -1 -1  1 -1 -1  1 -1  1 -1 -1  1  1  1 -1  1  1  1  1  1 -1 -1 -1  1 -1  1  1  1 -1 -1 -1 -1 -1  1 -1 -1 -1  1  1 -1  1 -1]
[ 1 -1  1  1 -1 -1  1 -1 -1  1 -1  1 -1 -1  1  1  1 -1  1  1  1  1  1 -1 -1 -1  1 -1  1  1  1 -1 -1 -1 -1 -1  1 -1 -1 -1  1  1 -1  1]
[ 1  1 -1  1  1 -1 -1  1 -1 -1  1 -1  1 -1 -1  1  1  1 -1  1  1  1  1  1 -1 -1 -1  1 -1  1  1  1 -1 -1 -1 -1 -1  1 -1 -1 -1  1  1 -1]
[ 1 -1  1 -1  1  1 -1 -1  1 -1 -1  1 -1  1 -1 -1  1  1  1 -1  1  1  1  1  1 -1 -1 -1  1 -1  1  1  1 -1 -1 -1 -1 -1  1 -1 -1 -1  1  1]
[ 1  1 -1  1 -1  1  1 -1 -1  1 -1 -1  1 -1  1 -1 -1  1  1  1 -1  1  1  1  1  1 -1 -1 -1  1 -1  1  1  1 -1 -1 -1 -1 -1  1 -1 -1 -1  1]
[ 1  1  1 -1  1 -1  1  1 -1 -1  1 -1 -1  1 -1  1 -1 -1  1  1  1 -1  1  1  1  1  1 -1 -1 -1  1 -1  1  1  1 -1 -1 -1 -1 -1  1 -1 -1 -1]
[ 1 -1  1  1 -1  1 -1  1  1 -1 -1  1 -1 -1  1 -1  1 -1 -1  1  1  1 -1  1  1  1  1  1 -1 -1 -1  1 -1  1  1  1 -1 -1 -1 -1 -1  1 -1 -1]
[ 1 -1 -1  1  1 -1  1 -1  1  1 -1 -1  1 -1 -1  1 -1  1 -1 -1  1  1  1 -1  1  1  1  1  1 -1 -1 -1  1 -1  1  1  1 -1 -1 -1 -1 -1  1 -1]
[ 1 -1 -1 -1  1  1 -1  1 -1  1  1 -1 -1  1 -1 -1  1 -1  1 -1 -1  1  1  1 -1  1  1  1  1  1 -1 -1 -1  1 -1  1  1  1 -1 -1 -1 -1 -1  1]
[ 1  1 -1 -1 -1  1  1 -1  1 -1  1  1 -1 -1  1 -1 -1  1 -1  1 -1 -1  1  1  1 -1  1  1  1  1  1 -1 -1 -1  1 -1  1  1  1 -1 -1 -1 -1 -1]
[ 1 -1  1 -1 -1 -1  1  1 -1  1 -1  1  1 -1 -1  1 -1 -1  1 -1  1 -1 -1  1  1  1 -1  1  1  1  1  1 -1 -1 -1  1 -1  1  1  1 -1 -1 -1 -1]
[ 1 -1 -1  1 -1 -1 -1  1  1 -1  1 -1  1  1 -1 -1  1 -1 -1  1 -1  1 -1 -1  1  1  1 -1  1  1  1  1  1 -1 -1 -1  1 -1  1  1  1 -1 -1 -1]
[ 1 -1 -1 -1  1 -1 -1 -1  1  1 -1  1 -1  1  1 -1 -1  1 -1 -1  1 -1  1 -1 -1  1  1  1 -1  1  1  1  1  1 -1 -1 -1  1 -1  1  1  1 -1 -1]
[ 1 -1 -1 -1 -1  1 -1 -1 -1  1  1 -1  1 -1  1  1 -1 -1  1 -1 -1  1 -1  1 -1 -1  1  1  1 -1  1  1  1  1  1 -1 -1 -1  1 -1  1  1  1 -1]
[ 1 -1 -1 -1 -1 -1  1 -1 -1 -1  1  1 -1  1 -1  1  1 -1 -1  1 -1 -1  1 -1  1 -1 -1  1  1  1 -1  1  1  1  1  1 -1 -1 -1  1 -1  1  1  1]
[ 1  1 -1 -1 -1 -1 -1  1 -1 -1 -1  1  1 -1  1 -1  1  1 -1 -1  1 -1 -1  1 -1  1 -1 -1  1  1  1 -1  1  1  1  1  1 -1 -1 -1  1 -1  1  1]
[ 1  1  1 -1 -1 -1 -1 -1  1 -1 -1 -1  1  1 -1  1 -1  1  1 -1 -1  1 -1 -1  1 -1  1 -1 -1  1  1  1 -1  1  1  1  1  1 -1 -1 -1  1 -1  1]
[ 1  1  1  1 -1 -1 -1 -1 -1  1 -1 -1 -1  1  1 -1  1 -1  1  1 -1 -1  1 -1 -1  1 -1  1 -1 -1  1  1  1 -1  1  1  1  1  1 -1 -1 -1  1 -1]
[ 1 -1  1  1  1 -1 -1 -1 -1 -1  1 -1 -1 -1  1  1 -1  1 -1  1  1 -1 -1  1 -1 -1  1 -1  1 -1 -1  1  1  1 -1  1  1  1  1  1 -1 -1 -1  1]
[ 1  1 -1  1  1  1 -1 -1 -1 -1 -1  1 -1 -1 -1  1  1 -1  1 -1  1  1 -1 -1  1 -1 -1  1 -1  1 -1 -1  1  1  1 -1  1  1  1  1  1 -1 -1 -1]
[ 1 -1  1 -1  1  1  1 -1 -1 -1 -1 -1  1 -1 -1 -1  1  1 -1  1 -1  1  1 -1 -1  1 -1 -1  1 -1  1 -1 -1  1  1  1 -1  1  1  1  1  1 -1 -1]
[ 1 -1 -1  1 -1  1  1  1 -1 -1 -1 -1 -1  1 -1 -1 -1  1  1 -1  1 -1  1  1 -1 -1  1 -1 -1  1 -1  1 -1 -1  1  1  1 -1  1  1  1  1  1 -1]
[ 1 -1 -1 -1  1 -1  1  1  1 -1 -1 -1 -1 -1  1 -1 -1 -1  1  1 -1  1 -1  1  1 -1 -1  1 -1 -1  1 -1  1 -1 -1  1  1  1 -1  1  1  1  1  1]
[ 1  1 -1 -1 -1  1 -1  1  1  1 -1 -1 -1 -1 -1  1 -1 -1 -1  1  1 -1  1 -1  1  1 -1 -1  1 -1 -1  1 -1  1 -1 -1  1  1  1 -1  1  1  1  1]
[ 1  1  1 -1 -1 -1  1 -1  1  1  1 -1 -1 -1 -1 -1  1 -1 -1 -1  1  1 -1  1 -1  1  1 -1 -1  1 -1 -1  1 -1  1 -1 -1  1  1  1 -1  1  1  1]
[ 1  1  1  1 -1 -1 -1  1 -1  1  1  1 -1 -1 -1 -1 -1  1 -1 -1 -1  1  1 -1  1 -1  1  1 -1 -1  1 -1 -1  1 -1  1 -1 -1  1  1  1 -1  1  1]
[ 1  1  1  1  1 -1 -1 -1  1 -1  1  1  1 -1 -1 -1 -1 -1  1 -1 -1 -1  1  1 -1  1 -1  1  1 -1 -1  1 -1 -1  1 -1  1 -1 -1  1  1  1 -1  1]
[ 1  1  1  1  1  1 -1 -1 -1  1 -1  1  1  1 -1 -1 -1 -1 -1  1 -1 -1 -1  1  1 -1  1 -1  1  1 -1 -1  1 -1 -1  1 -1  1 -1 -1  1  1  1 -1]
[ 1 -1  1  1  1  1  1 -1 -1 -1  1 -1  1  1  1 -1 -1 -1 -1 -1  1 -1 -1 -1  1  1 -1  1 -1  1  1 -1 -1  1 -1 -1  1 -1  1 -1 -1  1  1  1]
[ 1  1 -1  1  1  1  1  1 -1 -1 -1  1 -1  1  1  1 -1 -1 -1 -1 -1  1 -1 -1 -1  1  1 -1  1 -1  1  1 -1 -1  1 -1 -1  1 -1  1 -1 -1  1  1]
[ 1  1  1 -1  1  1  1  1  1 -1 -1 -1  1 -1  1  1  1 -1 -1 -1 -1 -1  1 -1 -1 -1  1  1 -1  1 -1  1  1 -1 -1  1 -1 -1  1 -1  1 -1 -1  1]
[ 1  1  1  1 -1  1  1  1  1  1 -1 -1 -1  1 -1  1  1  1 -1 -1 -1 -1 -1  1 -1 -1 -1  1  1 -1  1 -1  1  1 -1 -1  1 -1 -1  1 -1  1 -1 -1]
[ 1 -1  1  1  1 -1  1  1  1  1  1 -1 -1 -1  1 -1  1  1  1 -1 -1 -1 -1 -1  1 -1 -1 -1  1  1 -1  1 -1  1  1 -1 -1  1 -1 -1  1 -1  1 -1]
[ 1 -1 -1  1  1  1 -1  1  1  1  1  1 -1 -1 -1  1 -1  1  1  1 -1 -1 -1 -1 -1  1 -1 -1 -1  1  1 -1  1 -1  1  1 -1 -1  1 -1 -1  1 -1  1]
[ 1  1 -1 -1  1  1  1 -1  1  1  1  1  1 -1 -1 -1  1 -1  1  1  1 -1 -1 -1 -1 -1  1 -1 -1 -1  1  1 -1  1 -1  1  1 -1 -1  1 -1 -1  1 -1]
[ 1 -1  1 -1 -1  1  1  1 -1  1  1  1  1  1 -1 -1 -1  1 -1  1  1  1 -1 -1 -1 -1 -1  1 -1 -1 -1  1  1 -1  1 -1  1  1 -1 -1  1 -1 -1  1]
[ 1  1 -1  1 -1 -1  1  1  1 -1  1  1  1  1  1 -1 -1 -1  1 -1  1  1  1 -1 -1 -1 -1 -1  1 -1 -1 -1  1  1 -1  1 -1  1  1 -1 -1  1 -1 -1]
[ 1 -1  1 -1  1 -1 -1  1  1  1 -1  1  1  1  1  1 -1 -1 -1  1 -1  1  1  1 -1 -1 -1 -1 -1  1 -1 -1 -1  1  1 -1  1 -1  1  1 -1 -1  1 -1]
[ 1 -1 -1  1 -1  1 -1 -1  1  1  1 -1  1  1  1  1  1 -1 -1 -1  1 -1  1  1  1 -1 -1 -1 -1 -1  1 -1 -1 -1  1  1 -1  1 -1  1  1 -1 -1  1]
[ 1  1 -1 -1  1 -1  1 -1 -1  1  1  1 -1  1  1  1  1  1 -1 -1 -1  1 -1  1  1  1 -1 -1 -1 -1 -1  1 -1 -1 -1  1  1 -1  1 -1  1  1 -1 -1]
