# asked: Don Knuth Feb 20, 2013
# solved: 
0 0
1  1
2  2
3  3
4  4
5  9
6  14
7  19
8  18
9  17
10 16
11 11
12 12
13 13
14 8
15 7
16 6
17 5
18 10
19 15
20 20
21 21
22 22
23 23
24 24
25 49
26 74
27 99
28 98
29 97
30 96
31 71
32 72
33 73
34 48
35 47
36 46
37 45
38 70
39 95
40 90
41 85
42 80
43 55
44 60
45 65
46 40
47 35
48 30
49 31
50 32
51 33
52 38
53 37
54 36
55 41
56 42
57 43
58 68
59 67
60 66
61 61
62 62
63 63
64 58
65 57
66 56
67 81
68 82
69 83
70 88
71 87
72 86
73 91
74 92
75 93
76 94
77 89
78 84
79 59
80 64
81 69
82 44
83 39
84 34
85 29
86 54
87 79
88 78
89 77
90 76
91 51
92 52
93 53
94 28
95 27
96 26
97 25
98 50
99 75
100 100
