# n, a(n) for n = 0..625
0 0
1 1
2 2
3 3
4 4
5 14
6 24
7 34
8 33
9 32
10 31
11 21
12 22
13 23
14 13
15 12
16 11
17 10
18 20
19 30
20 40
21 41
22 42
23 43
24 44
25 144
26 244
27 344
28 343
29 342
30 341
31 241
32 242
33 243
34 143
35 142
36 141
37 140
38 240
39 340
40 330
41 320
42 310
43 210
44 220
45 230
46 130
47 120
48 110
49 111
50 112
51 113
52 123
53 122
54 121
55 131
56 132
57 133
58 233
59 232
60 231
61 221
62 222
63 223
64 213
65 212
66 211
67 311
68 312
69 313
70 323
71 322
72 321
73 331
74 332
75 333
76 334
77 324
78 314
79 214
80 224
81 234
82 134
83 124
84 114
85 104
86 204
87 304
88 303
89 302
90 301
91 201
92 202
93 203
94 103
95 102
96 101
97 100
98 200
99 300
100 400
101 401
102 402
103 403
104 404
105 414
106 424
107 434
108 433
109 432
110 431
111 421
112 422
113 423
114 413
115 412
116 411
117 410
118 420
119 430
120 440
121 441
122 442
123 443
124 444
125 1444
126 2444
127 3444
128 3443
129 3442
130 3441
131 2441
132 2442
133 2443
134 1443
135 1442
136 1441
137 1440
138 2440
139 3440
140 3430
141 3420
142 3410
143 2410
144 2420
145 2430
146 1430
147 1420
148 1410
149 1411
150 1412
151 1413
152 1423
153 1422
154 1421
155 1431
156 1432
157 1433
158 2433
159 2432
160 2431
161 2421
162 2422
163 2423
164 2413
165 2412
166 2411
167 3411
168 3412
169 3413
170 3423
171 3422
172 3421
173 3431
174 3432
175 3433
176 3434
177 3424
178 3414
179 2414
180 2424
181 2434
182 1434
183 1424
184 1414
185 1404
186 2404
187 3404
188 3403
189 3402
190 3401
191 2401
192 2402
193 2403
194 1403
195 1402
196 1401
197 1400
198 2400
199 3400
200 3300
201 3200
202 3100
203 2100
204 2200
205 2300
206 1300
207 1200
208 1100
209 1101
210 1102
211 1103
212 1203
213 1202
214 1201
215 1301
216 1302
217 1303
218 2303
219 2302
220 2301
221 2201
222 2202
223 2203
224 2103
225 2102
226 2101
227 3101
228 3102
229 3103
230 3203
231 3202
232 3201
233 3301
234 3302
235 3303
236 3304
237 3204
238 3104
239 2104
240 2204
241 2304
242 1304
243 1204
244 1104
245 1114
246 1124
247 1134
248 1234
249 1224
250 1214
251 1314
252 1324
253 1334
254 2334
255 2324
256 2314
257 2214
258 2224
259 2234
260 2134
261 2124
262 2114
263 3114
264 3124
265 3134
266 3234
267 3224
268 3214
269 3314
270 3324
271 3334
272 3333
273 3332
274 3331
275 3321
276 3322
277 3323
278 3313
279 3312
280 3311
281 3211
282 3212
283 3213
284 3223
285 3222
286 3221
287 3231
288 3232
289 3233
290 3133
291 3132
292 3131
293 3121
294 3122
295 3123
296 3113
297 3112
298 3111
299 2111
300 2112
301 2113
302 2123
303 2122
304 2121
305 2131
306 2132
307 2133
308 2233
309 2232
310 2231
311 2221
312 2222
313 2223
314 2213
315 2212
316 2211
317 2311
318 2312
319 2313
320 2323
321 2322
322 2321
323 2331
324 2332
325 2333
326 1333
327 1332
328 1331
329 1321
330 1322
331 1323
332 1313
333 1312
334 1311
335 1211
336 1212
337 1213
338 1223
339 1222
340 1221
341 1231
342 1232
343 1233
344 1133
345 1132
346 1131
347 1121
348 1122
349 1123
350 1113
351 1112
352 1111
353 1110
354 1120
355 1130
356 1230
357 1220
358 1210
359 1310
360 1320
361 1330
362 2330
363 2320
364 2310
365 2210
366 2220
367 2230
368 2130
369 2120
370 2110
371 3110
372 3120
373 3130
374 3230
375 3220
376 3210
377 3310
378 3320
379 3330
380 3340
381 3240
382 3140
383 2140
384 2240
385 2340
386 1340
387 1240
388 1140
389 1141
390 1142
391 1143
392 1243
393 1242
394 1241
395 1341
396 1342
397 1343
398 2343
399 2342
400 2341
401 2241
402 2242
403 2243
404 2143
405 2142
406 2141
407 3141
408 3142
409 3143
410 3243
411 3242
412 3241
413 3341
414 3342
415 3343
416 3344
417 3244
418 3144
419 2144
420 2244
421 2344
422 1344
423 1244
424 1144
425 1044
426 2044
427 3044
428 3043
429 3042
430 3041
431 2041
432 2042
433 2043
434 1043
435 1042
436 1041
437 1040
438 2040
439 3040
440 3030
441 3020
442 3010
443 2010
444 2020
445 2030
446 1030
447 1020
448 1010
449 1011
450 1012
451 1013
452 1023
453 1022
454 1021
455 1031
456 1032
457 1033
458 2033
459 2032
460 2031
461 2021
462 2022
463 2023
464 2013
465 2012
466 2011
467 3011
468 3012
469 3013
470 3023
471 3022
472 3021
473 3031
474 3032
475 3033
476 3034
477 3024
478 3014
479 2014
480 2024
481 2034
482 1034
483 1024
484 1014
485 1004
486 2004
487 3004
488 3003
489 3002
490 3001
491 2001
492 2002
493 2003
494 1003
495 1002
496 1001
497 1000
498 2000
499 3000
500 4000
501 4001
502 4002
503 4003
504 4004
505 4014
506 4024
507 4034
508 4033
509 4032
510 4031
511 4021
512 4022
513 4023
514 4013
515 4012
516 4011
517 4010
518 4020
519 4030
520 4040
521 4041
522 4042
523 4043
524 4044
525 4144
526 4244
527 4344
528 4343
529 4342
530 4341
531 4241
532 4242
533 4243
534 4143
535 4142
536 4141
537 4140
538 4240
539 4340
540 4330
541 4320
542 4310
543 4210
544 4220
545 4230
546 4130
547 4120
548 4110
549 4111
550 4112
551 4113
552 4123
553 4122
554 4121
555 4131
556 4132
557 4133
558 4233
559 4232
560 4231
561 4221
562 4222
563 4223
564 4213
565 4212
566 4211
567 4311
568 4312
569 4313
570 4323
571 4322
572 4321
573 4331
574 4332
575 4333
576 4334
577 4324
578 4314
579 4214
580 4224
581 4234
582 4134
583 4124
584 4114
585 4104
586 4204
587 4304
588 4303
589 4302
590 4301
591 4201
592 4202
593 4203
594 4103
595 4102
596 4101
597 4100
598 4200
599 4300
600 4400
601 4401
602 4402
603 4403
604 4404
605 4414
606 4424
607 4434
608 4433
609 4432
610 4431
611 4421
612 4422
613 4423
614 4413
615 4412
616 4411
617 4410
618 4420
619 4430
620 4440
621 4441
622 4442
623 4443
624 4444
625 14444
