# n, a(n) for n = 0..3125
0 0
1 1
2 2
3 3
4 4
5 14
6 24
7 34
8 33
9 32
10 31
11 21
12 22
13 23
14 13
15 12
16 11
17 10
18 20
19 30
20 40
21 41
22 42
23 43
24 44
25 144
26 244
27 344
28 343
29 342
30 341
31 241
32 242
33 243
34 143
35 142
36 141
37 140
38 240
39 340
40 330
41 320
42 310
43 210
44 220
45 230
46 130
47 120
48 110
49 111
50 112
51 113
52 123
53 122
54 121
55 131
56 132
57 133
58 233
59 232
60 231
61 221
62 222
63 223
64 213
65 212
66 211
67 311
68 312
69 313
70 323
71 322
72 321
73 331
74 332
75 333
76 334
77 324
78 314
79 214
80 224
81 234
82 134
83 124
84 114
85 104
86 204
87 304
88 303
89 302
90 301
91 201
92 202
93 203
94 103
95 102
96 101
97 100
98 200
99 300
100 400
101 401
102 402
103 403
104 404
105 414
106 424
107 434
108 433
109 432
110 431
111 421
112 422
113 423
114 413
115 412
116 411
117 410
118 420
119 430
120 440
121 441
122 442
123 443
124 444
125 1444
126 2444
127 3444
128 3443
129 3442
130 3441
131 2441
132 2442
133 2443
134 1443
135 1442
136 1441
137 1440
138 2440
139 3440
140 3430
141 3420
142 3410
143 2410
144 2420
145 2430
146 1430
147 1420
148 1410
149 1411
150 1412
151 1413
152 1423
153 1422
154 1421
155 1431
156 1432
157 1433
158 2433
159 2432
160 2431
161 2421
162 2422
163 2423
164 2413
165 2412
166 2411
167 3411
168 3412
169 3413
170 3423
171 3422
172 3421
173 3431
174 3432
175 3433
176 3434
177 3424
178 3414
179 2414
180 2424
181 2434
182 1434
183 1424
184 1414
185 1404
186 2404
187 3404
188 3403
189 3402
190 3401
191 2401
192 2402
193 2403
194 1403
195 1402
196 1401
197 1400
198 2400
199 3400
200 3300
201 3200
202 3100
203 2100
204 2200
205 2300
206 1300
207 1200
208 1100
209 1101
210 1102
211 1103
212 1203
213 1202
214 1201
215 1301
216 1302
217 1303
218 2303
219 2302
220 2301
221 2201
222 2202
223 2203
224 2103
225 2102
226 2101
227 3101
228 3102
229 3103
230 3203
231 3202
232 3201
233 3301
234 3302
235 3303
236 3304
237 3204
238 3104
239 2104
240 2204
241 2304
242 1304
243 1204
244 1104
245 1114
246 1124
247 1134
248 1234
249 1224
250 1214
251 1314
252 1324
253 1334
254 2334
255 2324
256 2314
257 2214
258 2224
259 2234
260 2134
261 2124
262 2114
263 3114
264 3124
265 3134
266 3234
267 3224
268 3214
269 3314
270 3324
271 3334
272 3333
273 3332
274 3331
275 3321
276 3322
277 3323
278 3313
279 3312
280 3311
281 3211
282 3212
283 3213
284 3223
285 3222
286 3221
287 3231
288 3232
289 3233
290 3133
291 3132
292 3131
293 3121
294 3122
295 3123
296 3113
297 3112
298 3111
299 2111
300 2112
301 2113
302 2123
303 2122
304 2121
305 2131
306 2132
307 2133
308 2233
309 2232
310 2231
311 2221
312 2222
313 2223
314 2213
315 2212
316 2211
317 2311
318 2312
319 2313
320 2323
321 2322
322 2321
323 2331
324 2332
325 2333
326 1333
327 1332
328 1331
329 1321
330 1322
331 1323
332 1313
333 1312
334 1311
335 1211
336 1212
337 1213
338 1223
339 1222
340 1221
341 1231
342 1232
343 1233
344 1133
345 1132
346 1131
347 1121
348 1122
349 1123
350 1113
351 1112
352 1111
353 1110
354 1120
355 1130
356 1230
357 1220
358 1210
359 1310
360 1320
361 1330
362 2330
363 2320
364 2310
365 2210
366 2220
367 2230
368 2130
369 2120
370 2110
371 3110
372 3120
373 3130
374 3230
375 3220
376 3210
377 3310
378 3320
379 3330
380 3340
381 3240
382 3140
383 2140
384 2240
385 2340
386 1340
387 1240
388 1140
389 1141
390 1142
391 1143
392 1243
393 1242
394 1241
395 1341
396 1342
397 1343
398 2343
399 2342
400 2341
401 2241
402 2242
403 2243
404 2143
405 2142
406 2141
407 3141
408 3142
409 3143
410 3243
411 3242
412 3241
413 3341
414 3342
415 3343
416 3344
417 3244
418 3144
419 2144
420 2244
421 2344
422 1344
423 1244
424 1144
425 1044
426 2044
427 3044
428 3043
429 3042
430 3041
431 2041
432 2042
433 2043
434 1043
435 1042
436 1041
437 1040
438 2040
439 3040
440 3030
441 3020
442 3010
443 2010
444 2020
445 2030
446 1030
447 1020
448 1010
449 1011
450 1012
451 1013
452 1023
453 1022
454 1021
455 1031
456 1032
457 1033
458 2033
459 2032
460 2031
461 2021
462 2022
463 2023
464 2013
465 2012
466 2011
467 3011
468 3012
469 3013
470 3023
471 3022
472 3021
473 3031
474 3032
475 3033
476 3034
477 3024
478 3014
479 2014
480 2024
481 2034
482 1034
483 1024
484 1014
485 1004
486 2004
487 3004
488 3003
489 3002
490 3001
491 2001
492 2002
493 2003
494 1003
495 1002
496 1001
497 1000
498 2000
499 3000
500 4000
501 4001
502 4002
503 4003
504 4004
505 4014
506 4024
507 4034
508 4033
509 4032
510 4031
511 4021
512 4022
513 4023
514 4013
515 4012
516 4011
517 4010
518 4020
519 4030
520 4040
521 4041
522 4042
523 4043
524 4044
525 4144
526 4244
527 4344
528 4343
529 4342
530 4341
531 4241
532 4242
533 4243
534 4143
535 4142
536 4141
537 4140
538 4240
539 4340
540 4330
541 4320
542 4310
543 4210
544 4220
545 4230
546 4130
547 4120
548 4110
549 4111
550 4112
551 4113
552 4123
553 4122
554 4121
555 4131
556 4132
557 4133
558 4233
559 4232
560 4231
561 4221
562 4222
563 4223
564 4213
565 4212
566 4211
567 4311
568 4312
569 4313
570 4323
571 4322
572 4321
573 4331
574 4332
575 4333
576 4334
577 4324
578 4314
579 4214
580 4224
581 4234
582 4134
583 4124
584 4114
585 4104
586 4204
587 4304
588 4303
589 4302
590 4301
591 4201
592 4202
593 4203
594 4103
595 4102
596 4101
597 4100
598 4200
599 4300
600 4400
601 4401
602 4402
603 4403
604 4404
605 4414
606 4424
607 4434
608 4433
609 4432
610 4431
611 4421
612 4422
613 4423
614 4413
615 4412
616 4411
617 4410
618 4420
619 4430
620 4440
621 4441
622 4442
623 4443
624 4444
625 14444
626 24444
627 34444
628 34443
629 34442
630 34441
631 24441
632 24442
633 24443
634 14443
635 14442
636 14441
637 14440
638 24440
639 34440
640 34430
641 34420
642 34410
643 24410
644 24420
645 24430
646 14430
647 14420
648 14410
649 14411
650 14412
651 14413
652 14423
653 14422
654 14421
655 14431
656 14432
657 14433
658 24433
659 24432
660 24431
661 24421
662 24422
663 24423
664 24413
665 24412
666 24411
667 34411
668 34412
669 34413
670 34423
671 34422
672 34421
673 34431
674 34432
675 34433
676 34434
677 34424
678 34414
679 24414
680 24424
681 24434
682 14434
683 14424
684 14414
685 14404
686 24404
687 34404
688 34403
689 34402
690 34401
691 24401
692 24402
693 24403
694 14403
695 14402
696 14401
697 14400
698 24400
699 34400
700 34300
701 34200
702 34100
703 24100
704 24200
705 24300
706 14300
707 14200
708 14100
709 14101
710 14102
711 14103
712 14203
713 14202
714 14201
715 14301
716 14302
717 14303
718 24303
719 24302
720 24301
721 24201
722 24202
723 24203
724 24103
725 24102
726 24101
727 34101
728 34102
729 34103
730 34203
731 34202
732 34201
733 34301
734 34302
735 34303
736 34304
737 34204
738 34104
739 24104
740 24204
741 24304
742 14304
743 14204
744 14104
745 14114
746 14124
747 14134
748 14234
749 14224
750 14214
751 14314
752 14324
753 14334
754 24334
755 24324
756 24314
757 24214
758 24224
759 24234
760 24134
761 24124
762 24114
763 34114
764 34124
765 34134
766 34234
767 34224
768 34214
769 34314
770 34324
771 34334
772 34333
773 34332
774 34331
775 34321
776 34322
777 34323
778 34313
779 34312
780 34311
781 34211
782 34212
783 34213
784 34223
785 34222
786 34221
787 34231
788 34232
789 34233
790 34133
791 34132
792 34131
793 34121
794 34122
795 34123
796 34113
797 34112
798 34111
799 24111
800 24112
801 24113
802 24123
803 24122
804 24121
805 24131
806 24132
807 24133
808 24233
809 24232
810 24231
811 24221
812 24222
813 24223
814 24213
815 24212
816 24211
817 24311
818 24312
819 24313
820 24323
821 24322
822 24321
823 24331
824 24332
825 24333
826 14333
827 14332
828 14331
829 14321
830 14322
831 14323
832 14313
833 14312
834 14311
835 14211
836 14212
837 14213
838 14223
839 14222
840 14221
841 14231
842 14232
843 14233
844 14133
845 14132
846 14131
847 14121
848 14122
849 14123
850 14113
851 14112
852 14111
853 14110
854 14120
855 14130
856 14230
857 14220
858 14210
859 14310
860 14320
861 14330
862 24330
863 24320
864 24310
865 24210
866 24220
867 24230
868 24130
869 24120
870 24110
871 34110
872 34120
873 34130
874 34230
875 34220
876 34210
877 34310
878 34320
879 34330
880 34340
881 34240
882 34140
883 24140
884 24240
885 24340
886 14340
887 14240
888 14140
889 14141
890 14142
891 14143
892 14243
893 14242
894 14241
895 14341
896 14342
897 14343
898 24343
899 24342
900 24341
901 24241
902 24242
903 24243
904 24143
905 24142
906 24141
907 34141
908 34142
909 34143
910 34243
911 34242
912 34241
913 34341
914 34342
915 34343
916 34344
917 34244
918 34144
919 24144
920 24244
921 24344
922 14344
923 14244
924 14144
925 14044
926 24044
927 34044
928 34043
929 34042
930 34041
931 24041
932 24042
933 24043
934 14043
935 14042
936 14041
937 14040
938 24040
939 34040
940 34030
941 34020
942 34010
943 24010
944 24020
945 24030
946 14030
947 14020
948 14010
949 14011
950 14012
951 14013
952 14023
953 14022
954 14021
955 14031
956 14032
957 14033
958 24033
959 24032
960 24031
961 24021
962 24022
963 24023
964 24013
965 24012
966 24011
967 34011
968 34012
969 34013
970 34023
971 34022
972 34021
973 34031
974 34032
975 34033
976 34034
977 34024
978 34014
979 24014
980 24024
981 24034
982 14034
983 14024
984 14014
985 14004
986 24004
987 34004
988 34003
989 34002
990 34001
991 24001
992 24002
993 24003
994 14003
995 14002
996 14001
997 14000
998 24000
999 34000
1000 33000
1001 32000
1002 31000
1003 21000
1004 22000
1005 23000
1006 13000
1007 12000
1008 11000
1009 11001
1010 11002
1011 11003
1012 12003
1013 12002
1014 12001
1015 13001
1016 13002
1017 13003
1018 23003
1019 23002
1020 23001
1021 22001
1022 22002
1023 22003
1024 21003
1025 21002
1026 21001
1027 31001
1028 31002
1029 31003
1030 32003
1031 32002
1032 32001
1033 33001
1034 33002
1035 33003
1036 33004
1037 32004
1038 31004
1039 21004
1040 22004
1041 23004
1042 13004
1043 12004
1044 11004
1045 11014
1046 11024
1047 11034
1048 12034
1049 12024
1050 12014
1051 13014
1052 13024
1053 13034
1054 23034
1055 23024
1056 23014
1057 22014
1058 22024
1059 22034
1060 21034
1061 21024
1062 21014
1063 31014
1064 31024
1065 31034
1066 32034
1067 32024
1068 32014
1069 33014
1070 33024
1071 33034
1072 33033
1073 33032
1074 33031
1075 33021
1076 33022
1077 33023
1078 33013
1079 33012
1080 33011
1081 32011
1082 32012
1083 32013
1084 32023
1085 32022
1086 32021
1087 32031
1088 32032
1089 32033
1090 31033
1091 31032
1092 31031
1093 31021
1094 31022
1095 31023
1096 31013
1097 31012
1098 31011
1099 21011
1100 21012
1101 21013
1102 21023
1103 21022
1104 21021
1105 21031
1106 21032
1107 21033
1108 22033
1109 22032
1110 22031
1111 22021
1112 22022
1113 22023
1114 22013
1115 22012
1116 22011
1117 23011
1118 23012
1119 23013
1120 23023
1121 23022
1122 23021
1123 23031
1124 23032
1125 23033
1126 13033
1127 13032
1128 13031
1129 13021
1130 13022
1131 13023
1132 13013
1133 13012
1134 13011
1135 12011
1136 12012
1137 12013
1138 12023
1139 12022
1140 12021
1141 12031
1142 12032
1143 12033
1144 11033
1145 11032
1146 11031
1147 11021
1148 11022
1149 11023
1150 11013
1151 11012
1152 11011
1153 11010
1154 11020
1155 11030
1156 12030
1157 12020
1158 12010
1159 13010
1160 13020
1161 13030
1162 23030
1163 23020
1164 23010
1165 22010
1166 22020
1167 22030
1168 21030
1169 21020
1170 21010
1171 31010
1172 31020
1173 31030
1174 32030
1175 32020
1176 32010
1177 33010
1178 33020
1179 33030
1180 33040
1181 32040
1182 31040
1183 21040
1184 22040
1185 23040
1186 13040
1187 12040
1188 11040
1189 11041
1190 11042
1191 11043
1192 12043
1193 12042
1194 12041
1195 13041
1196 13042
1197 13043
1198 23043
1199 23042
1200 23041
1201 22041
1202 22042
1203 22043
1204 21043
1205 21042
1206 21041
1207 31041
1208 31042
1209 31043
1210 32043
1211 32042
1212 32041
1213 33041
1214 33042
1215 33043
1216 33044
1217 32044
1218 31044
1219 21044
1220 22044
1221 23044
1222 13044
1223 12044
1224 11044
1225 11144
1226 11244
1227 11344
1228 12344
1229 12244
1230 12144
1231 13144
1232 13244
1233 13344
1234 23344
1235 23244
1236 23144
1237 22144
1238 22244
1239 22344
1240 21344
1241 21244
1242 21144
1243 31144
1244 31244
1245 31344
1246 32344
1247 32244
1248 32144
1249 33144
1250 33244
1251 33344
1252 33343
1253 33342
1254 33341
1255 33241
1256 33242
1257 33243
1258 33143
1259 33142
1260 33141
1261 32141
1262 32142
1263 32143
1264 32243
1265 32242
1266 32241
1267 32341
1268 32342
1269 32343
1270 31343
1271 31342
1272 31341
1273 31241
1274 31242
1275 31243
1276 31143
1277 31142
1278 31141
1279 21141
1280 21142
1281 21143
1282 21243
1283 21242
1284 21241
1285 21341
1286 21342
1287 21343
1288 22343
1289 22342
1290 22341
1291 22241
1292 22242
1293 22243
1294 22143
1295 22142
1296 22141
1297 23141
1298 23142
1299 23143
1300 23243
1301 23242
1302 23241
1303 23341
1304 23342
1305 23343
1306 13343
1307 13342
1308 13341
1309 13241
1310 13242
1311 13243
1312 13143
1313 13142
1314 13141
1315 12141
1316 12142
1317 12143
1318 12243
1319 12242
1320 12241
1321 12341
1322 12342
1323 12343
1324 11343
1325 11342
1326 11341
1327 11241
1328 11242
1329 11243
1330 11143
1331 11142
1332 11141
1333 11140
1334 11240
1335 11340
1336 12340
1337 12240
1338 12140
1339 13140
1340 13240
1341 13340
1342 23340
1343 23240
1344 23140
1345 22140
1346 22240
1347 22340
1348 21340
1349 21240
1350 21140
1351 31140
1352 31240
1353 31340
1354 32340
1355 32240
1356 32140
1357 33140
1358 33240
1359 33340
1360 33330
1361 33320
1362 33310
1363 33210
1364 33220
1365 33230
1366 33130
1367 33120
1368 33110
1369 32110
1370 32120
1371 32130
1372 32230
1373 32220
1374 32210
1375 32310
1376 32320
1377 32330
1378 31330
1379 31320
1380 31310
1381 31210
1382 31220
1383 31230
1384 31130
1385 31120
1386 31110
1387 21110
1388 21120
1389 21130
1390 21230
1391 21220
1392 21210
1393 21310
1394 21320
1395 21330
1396 22330
1397 22320
1398 22310
1399 22210
1400 22220
1401 22230
1402 22130
1403 22120
1404 22110
1405 23110
1406 23120
1407 23130
1408 23230
1409 23220
1410 23210
1411 23310
1412 23320
1413 23330
1414 13330
1415 13320
1416 13310
1417 13210
1418 13220
1419 13230
1420 13130
1421 13120
1422 13110
1423 12110
1424 12120
1425 12130
1426 12230
1427 12220
1428 12210
1429 12310
1430 12320
1431 12330
1432 11330
1433 11320
1434 11310
1435 11210
1436 11220
1437 11230
1438 11130
1439 11120
1440 11110
1441 11111
1442 11112
1443 11113
1444 11123
1445 11122
1446 11121
1447 11131
1448 11132
1449 11133
1450 11233
1451 11232
1452 11231
1453 11221
1454 11222
1455 11223
1456 11213
1457 11212
1458 11211
1459 11311
1460 11312
1461 11313
1462 11323
1463 11322
1464 11321
1465 11331
1466 11332
1467 11333
1468 12333
1469 12332
1470 12331
1471 12321
1472 12322
1473 12323
1474 12313
1475 12312
1476 12311
1477 12211
1478 12212
1479 12213
1480 12223
1481 12222
1482 12221
1483 12231
1484 12232
1485 12233
1486 12133
1487 12132
1488 12131
1489 12121
1490 12122
1491 12123
1492 12113
1493 12112
1494 12111
1495 13111
1496 13112
1497 13113
1498 13123
1499 13122
1500 13121
1501 13131
1502 13132
1503 13133
1504 13233
1505 13232
1506 13231
1507 13221
1508 13222
1509 13223
1510 13213
1511 13212
1512 13211
1513 13311
1514 13312
1515 13313
1516 13323
1517 13322
1518 13321
1519 13331
1520 13332
1521 13333
1522 23333
1523 23332
1524 23331
1525 23321
1526 23322
1527 23323
1528 23313
1529 23312
1530 23311
1531 23211
1532 23212
1533 23213
1534 23223
1535 23222
1536 23221
1537 23231
1538 23232
1539 23233
1540 23133
1541 23132
1542 23131
1543 23121
1544 23122
1545 23123
1546 23113
1547 23112
1548 23111
1549 22111
1550 22112
1551 22113
1552 22123
1553 22122
1554 22121
1555 22131
1556 22132
1557 22133
1558 22233
1559 22232
1560 22231
1561 22221
1562 22222
1563 22223
1564 22213
1565 22212
1566 22211
1567 22311
1568 22312
1569 22313
1570 22323
1571 22322
1572 22321
1573 22331
1574 22332
1575 22333
1576 21333
1577 21332
1578 21331
1579 21321
1580 21322
1581 21323
1582 21313
1583 21312
1584 21311
1585 21211
1586 21212
1587 21213
1588 21223
1589 21222
1590 21221
1591 21231
1592 21232
1593 21233
1594 21133
1595 21132
1596 21131
1597 21121
1598 21122
1599 21123
1600 21113
1601 21112
1602 21111
1603 31111
1604 31112
1605 31113
1606 31123
1607 31122
1608 31121
1609 31131
1610 31132
1611 31133
1612 31233
1613 31232
1614 31231
1615 31221
1616 31222
1617 31223
1618 31213
1619 31212
1620 31211
1621 31311
1622 31312
1623 31313
1624 31323
1625 31322
1626 31321
1627 31331
1628 31332
1629 31333
1630 32333
1631 32332
1632 32331
1633 32321
1634 32322
1635 32323
1636 32313
1637 32312
1638 32311
1639 32211
1640 32212
1641 32213
1642 32223
1643 32222
1644 32221
1645 32231
1646 32232
1647 32233
1648 32133
1649 32132
1650 32131
1651 32121
1652 32122
1653 32123
1654 32113
1655 32112
1656 32111
1657 33111
1658 33112
1659 33113
1660 33123
1661 33122
1662 33121
1663 33131
1664 33132
1665 33133
1666 33233
1667 33232
1668 33231
1669 33221
1670 33222
1671 33223
1672 33213
1673 33212
1674 33211
1675 33311
1676 33312
1677 33313
1678 33323
1679 33322
1680 33321
1681 33331
1682 33332
1683 33333
1684 33334
1685 33324
1686 33314
1687 33214
1688 33224
1689 33234
1690 33134
1691 33124
1692 33114
1693 32114
1694 32124
1695 32134
1696 32234
1697 32224
1698 32214
1699 32314
1700 32324
1701 32334
1702 31334
1703 31324
1704 31314
1705 31214
1706 31224
1707 31234
1708 31134
1709 31124
1710 31114
1711 21114
1712 21124
1713 21134
1714 21234
1715 21224
1716 21214
1717 21314
1718 21324
1719 21334
1720 22334
1721 22324
1722 22314
1723 22214
1724 22224
1725 22234
1726 22134
1727 22124
1728 22114
1729 23114
1730 23124
1731 23134
1732 23234
1733 23224
1734 23214
1735 23314
1736 23324
1737 23334
1738 13334
1739 13324
1740 13314
1741 13214
1742 13224
1743 13234
1744 13134
1745 13124
1746 13114
1747 12114
1748 12124
1749 12134
1750 12234
1751 12224
1752 12214
1753 12314
1754 12324
1755 12334
1756 11334
1757 11324
1758 11314
1759 11214
1760 11224
1761 11234
1762 11134
1763 11124
1764 11114
1765 11104
1766 11204
1767 11304
1768 12304
1769 12204
1770 12104
1771 13104
1772 13204
1773 13304
1774 23304
1775 23204
1776 23104
1777 22104
1778 22204
1779 22304
1780 21304
1781 21204
1782 21104
1783 31104
1784 31204
1785 31304
1786 32304
1787 32204
1788 32104
1789 33104
1790 33204
1791 33304
1792 33303
1793 33302
1794 33301
1795 33201
1796 33202
1797 33203
1798 33103
1799 33102
1800 33101
1801 32101
1802 32102
1803 32103
1804 32203
1805 32202
1806 32201
1807 32301
1808 32302
1809 32303
1810 31303
1811 31302
1812 31301
1813 31201
1814 31202
1815 31203
1816 31103
1817 31102
1818 31101
1819 21101
1820 21102
1821 21103
1822 21203
1823 21202
1824 21201
1825 21301
1826 21302
1827 21303
1828 22303
1829 22302
1830 22301
1831 22201
1832 22202
1833 22203
1834 22103
1835 22102
1836 22101
1837 23101
1838 23102
1839 23103
1840 23203
1841 23202
1842 23201
1843 23301
1844 23302
1845 23303
1846 13303
1847 13302
1848 13301
1849 13201
1850 13202
1851 13203
1852 13103
1853 13102
1854 13101
1855 12101
1856 12102
1857 12103
1858 12203
1859 12202
1860 12201
1861 12301
1862 12302
1863 12303
1864 11303
1865 11302
1866 11301
1867 11201
1868 11202
1869 11203
1870 11103
1871 11102
1872 11101
1873 11100
1874 11200
1875 11300
1876 12300
1877 12200
1878 12100
1879 13100
1880 13200
1881 13300
1882 23300
1883 23200
1884 23100
1885 22100
1886 22200
1887 22300
1888 21300
1889 21200
1890 21100
1891 31100
1892 31200
1893 31300
1894 32300
1895 32200
1896 32100
1897 33100
1898 33200
1899 33300
1900 33400
1901 32400
1902 31400
1903 21400
1904 22400
1905 23400
1906 13400
1907 12400
1908 11400
1909 11401
1910 11402
1911 11403
1912 12403
1913 12402
1914 12401
1915 13401
1916 13402
1917 13403
1918 23403
1919 23402
1920 23401
1921 22401
1922 22402
1923 22403
1924 21403
1925 21402
1926 21401
1927 31401
1928 31402
1929 31403
1930 32403
1931 32402
1932 32401
1933 33401
1934 33402
1935 33403
1936 33404
1937 32404
1938 31404
1939 21404
1940 22404
1941 23404
1942 13404
1943 12404
1944 11404
1945 11414
1946 11424
1947 11434
1948 12434
1949 12424
1950 12414
1951 13414
1952 13424
1953 13434
1954 23434
1955 23424
1956 23414
1957 22414
1958 22424
1959 22434
1960 21434
1961 21424
1962 21414
1963 31414
1964 31424
1965 31434
1966 32434
1967 32424
1968 32414
1969 33414
1970 33424
1971 33434
1972 33433
1973 33432
1974 33431
1975 33421
1976 33422
1977 33423
1978 33413
1979 33412
1980 33411
1981 32411
1982 32412
1983 32413
1984 32423
1985 32422
1986 32421
1987 32431
1988 32432
1989 32433
1990 31433
1991 31432
1992 31431
1993 31421
1994 31422
1995 31423
1996 31413
1997 31412
1998 31411
1999 21411
2000 21412
2001 21413
2002 21423
2003 21422
2004 21421
2005 21431
2006 21432
2007 21433
2008 22433
2009 22432
2010 22431
2011 22421
2012 22422
2013 22423
2014 22413
2015 22412
2016 22411
2017 23411
2018 23412
2019 23413
2020 23423
2021 23422
2022 23421
2023 23431
2024 23432
2025 23433
2026 13433
2027 13432
2028 13431
2029 13421
2030 13422
2031 13423
2032 13413
2033 13412
2034 13411
2035 12411
2036 12412
2037 12413
2038 12423
2039 12422
2040 12421
2041 12431
2042 12432
2043 12433
2044 11433
2045 11432
2046 11431
2047 11421
2048 11422
2049 11423
2050 11413
2051 11412
2052 11411
2053 11410
2054 11420
2055 11430
2056 12430
2057 12420
2058 12410
2059 13410
2060 13420
2061 13430
2062 23430
2063 23420
2064 23410
2065 22410
2066 22420
2067 22430
2068 21430
2069 21420
2070 21410
2071 31410
2072 31420
2073 31430
2074 32430
2075 32420
2076 32410
2077 33410
2078 33420
2079 33430
2080 33440
2081 32440
2082 31440
2083 21440
2084 22440
2085 23440
2086 13440
2087 12440
2088 11440
2089 11441
2090 11442
2091 11443
2092 12443
2093 12442
2094 12441
2095 13441
2096 13442
2097 13443
2098 23443
2099 23442
2100 23441
2101 22441
2102 22442
2103 22443
2104 21443
2105 21442
2106 21441
2107 31441
2108 31442
2109 31443
2110 32443
2111 32442
2112 32441
2113 33441
2114 33442
2115 33443
2116 33444
2117 32444
2118 31444
2119 21444
2120 22444
2121 23444
2122 13444
2123 12444
2124 11444
2125 10444
2126 20444
2127 30444
2128 30443
2129 30442
2130 30441
2131 20441
2132 20442
2133 20443
2134 10443
2135 10442
2136 10441
2137 10440
2138 20440
2139 30440
2140 30430
2141 30420
2142 30410
2143 20410
2144 20420
2145 20430
2146 10430
2147 10420
2148 10410
2149 10411
2150 10412
2151 10413
2152 10423
2153 10422
2154 10421
2155 10431
2156 10432
2157 10433
2158 20433
2159 20432
2160 20431
2161 20421
2162 20422
2163 20423
2164 20413
2165 20412
2166 20411
2167 30411
2168 30412
2169 30413
2170 30423
2171 30422
2172 30421
2173 30431
2174 30432
2175 30433
2176 30434
2177 30424
2178 30414
2179 20414
2180 20424
2181 20434
2182 10434
2183 10424
2184 10414
2185 10404
2186 20404
2187 30404
2188 30403
2189 30402
2190 30401
2191 20401
2192 20402
2193 20403
2194 10403
2195 10402
2196 10401
2197 10400
2198 20400
2199 30400
2200 30300
2201 30200
2202 30100
2203 20100
2204 20200
2205 20300
2206 10300
2207 10200
2208 10100
2209 10101
2210 10102
2211 10103
2212 10203
2213 10202
2214 10201
2215 10301
2216 10302
2217 10303
2218 20303
2219 20302
2220 20301
2221 20201
2222 20202
2223 20203
2224 20103
2225 20102
2226 20101
2227 30101
2228 30102
2229 30103
2230 30203
2231 30202
2232 30201
2233 30301
2234 30302
2235 30303
2236 30304
2237 30204
2238 30104
2239 20104
2240 20204
2241 20304
2242 10304
2243 10204
2244 10104
2245 10114
2246 10124
2247 10134
2248 10234
2249 10224
2250 10214
2251 10314
2252 10324
2253 10334
2254 20334
2255 20324
2256 20314
2257 20214
2258 20224
2259 20234
2260 20134
2261 20124
2262 20114
2263 30114
2264 30124
2265 30134
2266 30234
2267 30224
2268 30214
2269 30314
2270 30324
2271 30334
2272 30333
2273 30332
2274 30331
2275 30321
2276 30322
2277 30323
2278 30313
2279 30312
2280 30311
2281 30211
2282 30212
2283 30213
2284 30223
2285 30222
2286 30221
2287 30231
2288 30232
2289 30233
2290 30133
2291 30132
2292 30131
2293 30121
2294 30122
2295 30123
2296 30113
2297 30112
2298 30111
2299 20111
2300 20112
2301 20113
2302 20123
2303 20122
2304 20121
2305 20131
2306 20132
2307 20133
2308 20233
2309 20232
2310 20231
2311 20221
2312 20222
2313 20223
2314 20213
2315 20212
2316 20211
2317 20311
2318 20312
2319 20313
2320 20323
2321 20322
2322 20321
2323 20331
2324 20332
2325 20333
2326 10333
2327 10332
2328 10331
2329 10321
2330 10322
2331 10323
2332 10313
2333 10312
2334 10311
2335 10211
2336 10212
2337 10213
2338 10223
2339 10222
2340 10221
2341 10231
2342 10232
2343 10233
2344 10133
2345 10132
2346 10131
2347 10121
2348 10122
2349 10123
2350 10113
2351 10112
2352 10111
2353 10110
2354 10120
2355 10130
2356 10230
2357 10220
2358 10210
2359 10310
2360 10320
2361 10330
2362 20330
2363 20320
2364 20310
2365 20210
2366 20220
2367 20230
2368 20130
2369 20120
2370 20110
2371 30110
2372 30120
2373 30130
2374 30230
2375 30220
2376 30210
2377 30310
2378 30320
2379 30330
2380 30340
2381 30240
2382 30140
2383 20140
2384 20240
2385 20340
2386 10340
2387 10240
2388 10140
2389 10141
2390 10142
2391 10143
2392 10243
2393 10242
2394 10241
2395 10341
2396 10342
2397 10343
2398 20343
2399 20342
2400 20341
2401 20241
2402 20242
2403 20243
2404 20143
2405 20142
2406 20141
2407 30141
2408 30142
2409 30143
2410 30243
2411 30242
2412 30241
2413 30341
2414 30342
2415 30343
2416 30344
2417 30244
2418 30144
2419 20144
2420 20244
2421 20344
2422 10344
2423 10244
2424 10144
2425 10044
2426 20044
2427 30044
2428 30043
2429 30042
2430 30041
2431 20041
2432 20042
2433 20043
2434 10043
2435 10042
2436 10041
2437 10040
2438 20040
2439 30040
2440 30030
2441 30020
2442 30010
2443 20010
2444 20020
2445 20030
2446 10030
2447 10020
2448 10010
2449 10011
2450 10012
2451 10013
2452 10023
2453 10022
2454 10021
2455 10031
2456 10032
2457 10033
2458 20033
2459 20032
2460 20031
2461 20021
2462 20022
2463 20023
2464 20013
2465 20012
2466 20011
2467 30011
2468 30012
2469 30013
2470 30023
2471 30022
2472 30021
2473 30031
2474 30032
2475 30033
2476 30034
2477 30024
2478 30014
2479 20014
2480 20024
2481 20034
2482 10034
2483 10024
2484 10014
2485 10004
2486 20004
2487 30004
2488 30003
2489 30002
2490 30001
2491 20001
2492 20002
2493 20003
2494 10003
2495 10002
2496 10001
2497 10000
2498 20000
2499 30000
2500 40000
2501 40001
2502 40002
2503 40003
2504 40004
2505 40014
2506 40024
2507 40034
2508 40033
2509 40032
2510 40031
2511 40021
2512 40022
2513 40023
2514 40013
2515 40012
2516 40011
2517 40010
2518 40020
2519 40030
2520 40040
2521 40041
2522 40042
2523 40043
2524 40044
2525 40144
2526 40244
2527 40344
2528 40343
2529 40342
2530 40341
2531 40241
2532 40242
2533 40243
2534 40143
2535 40142
2536 40141
2537 40140
2538 40240
2539 40340
2540 40330
2541 40320
2542 40310
2543 40210
2544 40220
2545 40230
2546 40130
2547 40120
2548 40110
2549 40111
2550 40112
2551 40113
2552 40123
2553 40122
2554 40121
2555 40131
2556 40132
2557 40133
2558 40233
2559 40232
2560 40231
2561 40221
2562 40222
2563 40223
2564 40213
2565 40212
2566 40211
2567 40311
2568 40312
2569 40313
2570 40323
2571 40322
2572 40321
2573 40331
2574 40332
2575 40333
2576 40334
2577 40324
2578 40314
2579 40214
2580 40224
2581 40234
2582 40134
2583 40124
2584 40114
2585 40104
2586 40204
2587 40304
2588 40303
2589 40302
2590 40301
2591 40201
2592 40202
2593 40203
2594 40103
2595 40102
2596 40101
2597 40100
2598 40200
2599 40300
2600 40400
2601 40401
2602 40402
2603 40403
2604 40404
2605 40414
2606 40424
2607 40434
2608 40433
2609 40432
2610 40431
2611 40421
2612 40422
2613 40423
2614 40413
2615 40412
2616 40411
2617 40410
2618 40420
2619 40430
2620 40440
2621 40441
2622 40442
2623 40443
2624 40444
2625 41444
2626 42444
2627 43444
2628 43443
2629 43442
2630 43441
2631 42441
2632 42442
2633 42443
2634 41443
2635 41442
2636 41441
2637 41440
2638 42440
2639 43440
2640 43430
2641 43420
2642 43410
2643 42410
2644 42420
2645 42430
2646 41430
2647 41420
2648 41410
2649 41411
2650 41412
2651 41413
2652 41423
2653 41422
2654 41421
2655 41431
2656 41432
2657 41433
2658 42433
2659 42432
2660 42431
2661 42421
2662 42422
2663 42423
2664 42413
2665 42412
2666 42411
2667 43411
2668 43412
2669 43413
2670 43423
2671 43422
2672 43421
2673 43431
2674 43432
2675 43433
2676 43434
2677 43424
2678 43414
2679 42414
2680 42424
2681 42434
2682 41434
2683 41424
2684 41414
2685 41404
2686 42404
2687 43404
2688 43403
2689 43402
2690 43401
2691 42401
2692 42402
2693 42403
2694 41403
2695 41402
2696 41401
2697 41400
2698 42400
2699 43400
2700 43300
2701 43200
2702 43100
2703 42100
2704 42200
2705 42300
2706 41300
2707 41200
2708 41100
2709 41101
2710 41102
2711 41103
2712 41203
2713 41202
2714 41201
2715 41301
2716 41302
2717 41303
2718 42303
2719 42302
2720 42301
2721 42201
2722 42202
2723 42203
2724 42103
2725 42102
2726 42101
2727 43101
2728 43102
2729 43103
2730 43203
2731 43202
2732 43201
2733 43301
2734 43302
2735 43303
2736 43304
2737 43204
2738 43104
2739 42104
2740 42204
2741 42304
2742 41304
2743 41204
2744 41104
2745 41114
2746 41124
2747 41134
2748 41234
2749 41224
2750 41214
2751 41314
2752 41324
2753 41334
2754 42334
2755 42324
2756 42314
2757 42214
2758 42224
2759 42234
2760 42134
2761 42124
2762 42114
2763 43114
2764 43124
2765 43134
2766 43234
2767 43224
2768 43214
2769 43314
2770 43324
2771 43334
2772 43333
2773 43332
2774 43331
2775 43321
2776 43322
2777 43323
2778 43313
2779 43312
2780 43311
2781 43211
2782 43212
2783 43213
2784 43223
2785 43222
2786 43221
2787 43231
2788 43232
2789 43233
2790 43133
2791 43132
2792 43131
2793 43121
2794 43122
2795 43123
2796 43113
2797 43112
2798 43111
2799 42111
2800 42112
2801 42113
2802 42123
2803 42122
2804 42121
2805 42131
2806 42132
2807 42133
2808 42233
2809 42232
2810 42231
2811 42221
2812 42222
2813 42223
2814 42213
2815 42212
2816 42211
2817 42311
2818 42312
2819 42313
2820 42323
2821 42322
2822 42321
2823 42331
2824 42332
2825 42333
2826 41333
2827 41332
2828 41331
2829 41321
2830 41322
2831 41323
2832 41313
2833 41312
2834 41311
2835 41211
2836 41212
2837 41213
2838 41223
2839 41222
2840 41221
2841 41231
2842 41232
2843 41233
2844 41133
2845 41132
2846 41131
2847 41121
2848 41122
2849 41123
2850 41113
2851 41112
2852 41111
2853 41110
2854 41120
2855 41130
2856 41230
2857 41220
2858 41210
2859 41310
2860 41320
2861 41330
2862 42330
2863 42320
2864 42310
2865 42210
2866 42220
2867 42230
2868 42130
2869 42120
2870 42110
2871 43110
2872 43120
2873 43130
2874 43230
2875 43220
2876 43210
2877 43310
2878 43320
2879 43330
2880 43340
2881 43240
2882 43140
2883 42140
2884 42240
2885 42340
2886 41340
2887 41240
2888 41140
2889 41141
2890 41142
2891 41143
2892 41243
2893 41242
2894 41241
2895 41341
2896 41342
2897 41343
2898 42343
2899 42342
2900 42341
2901 42241
2902 42242
2903 42243
2904 42143
2905 42142
2906 42141
2907 43141
2908 43142
2909 43143
2910 43243
2911 43242
2912 43241
2913 43341
2914 43342
2915 43343
2916 43344
2917 43244
2918 43144
2919 42144
2920 42244
2921 42344
2922 41344
2923 41244
2924 41144
2925 41044
2926 42044
2927 43044
2928 43043
2929 43042
2930 43041
2931 42041
2932 42042
2933 42043
2934 41043
2935 41042
2936 41041
2937 41040
2938 42040
2939 43040
2940 43030
2941 43020
2942 43010
2943 42010
2944 42020
2945 42030
2946 41030
2947 41020
2948 41010
2949 41011
2950 41012
2951 41013
2952 41023
2953 41022
2954 41021
2955 41031
2956 41032
2957 41033
2958 42033
2959 42032
2960 42031
2961 42021
2962 42022
2963 42023
2964 42013
2965 42012
2966 42011
2967 43011
2968 43012
2969 43013
2970 43023
2971 43022
2972 43021
2973 43031
2974 43032
2975 43033
2976 43034
2977 43024
2978 43014
2979 42014
2980 42024
2981 42034
2982 41034
2983 41024
2984 41014
2985 41004
2986 42004
2987 43004
2988 43003
2989 43002
2990 43001
2991 42001
2992 42002
2993 42003
2994 41003
2995 41002
2996 41001
2997 41000
2998 42000
2999 43000
3000 44000
3001 44001
3002 44002
3003 44003
3004 44004
3005 44014
3006 44024
3007 44034
3008 44033
3009 44032
3010 44031
3011 44021
3012 44022
3013 44023
3014 44013
3015 44012
3016 44011
3017 44010
3018 44020
3019 44030
3020 44040
3021 44041
3022 44042
3023 44043
3024 44044
3025 44144
3026 44244
3027 44344
3028 44343
3029 44342
3030 44341
3031 44241
3032 44242
3033 44243
3034 44143
3035 44142
3036 44141
3037 44140
3038 44240
3039 44340
3040 44330
3041 44320
3042 44310
3043 44210
3044 44220
3045 44230
3046 44130
3047 44120
3048 44110
3049 44111
3050 44112
3051 44113
3052 44123
3053 44122
3054 44121
3055 44131
3056 44132
3057 44133
3058 44233
3059 44232
3060 44231
3061 44221
3062 44222
3063 44223
3064 44213
3065 44212
3066 44211
3067 44311
3068 44312
3069 44313
3070 44323
3071 44322
3072 44321
3073 44331
3074 44332
3075 44333
3076 44334
3077 44324
3078 44314
3079 44214
3080 44224
3081 44234
3082 44134
3083 44124
3084 44114
3085 44104
3086 44204
3087 44304
3088 44303
3089 44302
3090 44301
3091 44201
3092 44202
3093 44203
3094 44103
3095 44102
3096 44101
3097 44100
3098 44200
3099 44300
3100 44400
3101 44401
3102 44402
3103 44403
3104 44404
3105 44414
3106 44424
3107 44434
3108 44433
3109 44432
3110 44431
3111 44421
3112 44422
3113 44423
3114 44413
3115 44412
3116 44411
3117 44410
3118 44420
3119 44430
3120 44440
3121 44441
3122 44442
3123 44443
3124 44444
3125 144444
