# n, a(n) for n = 0..125
0 0
1 1
2 2
3 3
4 4
5 14
6 24
7 34
8 33
9 32
10 31
11 21
12 22
13 23
14 13
15 12
16 11
17 10
18 20
19 30
20 40
21 41
22 42
23 43
24 44
25 144
26 244
27 344
28 343
29 342
30 341
31 241
32 242
33 243
34 143
35 142
36 141
37 140
38 240
39 340
40 330
41 320
42 310
43 210
44 220
45 230
46 130
47 120
48 110
49 111
50 112
51 113
52 123
53 122
54 121
55 131
56 132
57 133
58 233
59 232
60 231
61 221
62 222
63 223
64 213
65 212
66 211
67 311
68 312
69 313
70 323
71 322
72 321
73 331
74 332
75 333
76 334
77 324
78 314
79 214
80 224
81 234
82 134
83 124
84 114
85 104
86 204
87 304
88 303
89 302
90 301
91 201
92 202
93 203
94 103
95 102
96 101
97 100
98 200
99 300
100 400
101 401
102 402
103 403
104 404
105 414
106 424
107 434
108 433
109 432
110 431
111 421
112 422
113 423
114 413
115 412
116 411
117 410
118 420
119 430
120 440
121 441
122 442
123 443
124 444
125 1444
